0.000000 0.000000
0.000000 0.000000
0.000000 0.000000
0.000000 0.000000
0.000000 0.000000
0.000000 0.000000
0.000000 0.000000
0.000000 0.000000
0.000000 0.000000
0.000000 0.000000
0.000502 -0.000273
0.001507 -0.000276
0.002513 -0.000279
0.003518 -0.000281
0.005024 -0.000561
0.007535 -0.000853
0.009546 -0.000870
0.011556 -0.000886
0.015577 -0.000919
0.019097 -0.000666
0.022617 -0.000404
0.027141 -0.000132
0.031664 0.000152
0.036690 0.000165
0.041712 0.000750
0.048243 0.001092
0.054774 0.001453
0.061303 0.001831
0.069332 0.002549
0.077372 0.002724
0.085397 0.003485
0.093930 0.004012
0.103467 0.004595
0.113492 0.005521
0.124028 0.006222
0.134562 0.006952
0.145094 0.007711
0.156628 0.008548
0.168677 0.009138
0.180238 0.009400
0.192805 0.009675
0.205372 0.009915
0.217939 0.010122
0.231512 0.010329
0.244591 0.010177
0.258675 0.009978
0.272258 0.009384
0.286337 0.008993
0.300917 0.008218
0.314989 0.007636
0.329557 0.006663
0.343604 0.005270
0.358640 0.003692
0.372654 0.001995
0.387170 0.000429
0.401149 -0.001535
0.415105 -0.003650
0.429038 -0.005917
0.443007 -0.007719
0.456435 -0.009855
0.470844 -0.012208
0.483771 -0.014201
0.497686 -0.016381
0.511129 -0.018269
0.524028 -0.020438
0.537455 -0.022436
0.550417 -0.024100
0.562842 -0.026004
0.575800 -0.027703
0.587761 -0.029272
0.600260 -0.030603
0.612225 -0.032139
0.623801 -0.032709
0.636911 -0.033046
0.649023 -0.033143
0.661659 -0.032846
0.673287 -0.032307
0.685443 -0.030726
0.697055 -0.029170
0.709136 -0.027095
0.721661 -0.024445
0.733113 -0.021531
0.744434 -0.017733
0.756637 -0.013499
0.768161 -0.008666
0.779522 -0.003459
0.790566 0.002707
0.801531 0.008702
0.812688 0.015477
0.823393 0.023218
0.834362 0.031278
0.844761 0.040309
0.854757 0.049784
0.864625 0.060184
0.874001 0.071028
0.882867 0.082294
0.890984 0.093422
0.898409 0.104348
0.905204 0.115017
0.912056 0.127610
0.918318 0.140506
0.923878 0.153107
0.928243 0.165165
0.932688 0.178201
0.935989 0.190592
0.939274 0.202807
0.941572 0.214848
0.943885 0.227284
0.945286 0.238894
0.946164 0.251121
0.947215 0.262602
0.947773 0.274678
0.948043 0.286204
0.948090 0.297174
0.947809 0.308141
0.947606 0.319527
0.947292 0.330358
0.946888 0.342168
0.946420 0.353428
0.945706 0.364675
0.945105 0.376376
0.944536 0.387540
0.944128 0.399173
0.943561 0.410800
0.943381 0.421386
0.942840 0.432484
0.943335 0.442525
0.942996 0.454110
0.943409 0.464154
0.943581 0.475717
0.943721 0.487281
0.943512 0.498351
0.943877 0.510409
0.943923 0.521973
0.943938 0.533537
0.943922 0.545101
0.944166 0.556157
0.944118 0.567721
0.944332 0.578778
0.944236 0.589336
0.944420 0.600393
0.944896 0.610942
0.944800 0.621501
0.944984 0.632557
0.945168 0.643614
0.945644 0.654163
0.945858 0.665219
0.946651 0.675256
0.947213 0.685800
0.948087 0.695830
0.949294 0.705339
0.950901 0.715322
0.952554 0.724283
0.954974 0.734176
0.957459 0.743027
0.960439 0.752298
0.963595 0.761511
0.967512 0.770558
0.971447 0.780060
0.975778 0.788917
0.981133 0.798492
0.986354 0.807502
0.992385 0.816181
0.998576 0.825238
1.005035 0.834106
1.012306 0.842534
1.019805 0.851291
1.028119 0.859515
1.037219 0.868301
1.046646 0.876137
1.056409 0.884179
1.066956 0.891473
1.077884 0.898895
1.089007 0.905277
1.099840 0.911014
1.111460 0.916437
1.122737 0.921242
1.134969 0.926233
1.147174 0.930165
1.158963 0.933527
1.171721 0.936954
1.185188 0.939844
1.198189 0.942185
1.211603 0.944495
1.225439 0.946782
1.239347 0.948579
1.253310 0.949884
1.267311 0.950695
1.281331 0.951011
1.295354 0.950831
1.309250 0.950764
1.322596 0.950494
1.335473 0.949479
1.348715 0.949060
1.361416 0.948601
1.374106 0.947901
1.387263 0.947305
1.400409 0.946494
1.413516 0.946083
1.425614 0.945488
1.438200 0.945083
1.450783 0.944576
1.462855 0.944262
1.474925 0.943882
1.486488 0.943736
1.498051 0.943559
1.509613 0.943350
1.520170 0.943107
1.531227 0.942534
1.541280 0.942506
1.551834 0.942177
1.561887 0.942123
1.573445 0.941757
1.582493 0.941683
1.592546 0.941601
1.602093 0.941225
1.611645 0.941419
1.620692 0.941346
1.629239 0.941571
1.638790 0.941817
1.647335 0.942088
1.656383 0.942088
1.664927 0.942383
1.672970 0.942405
1.681515 0.942133
1.689557 0.942133
1.697600 0.942133
1.705139 0.941841
1.713177 0.941232
1.720713 0.940879
1.728236 0.939920
1.736263 0.939180
1.744262 0.937810
1.751241 0.936400
1.759209 0.934856
1.767110 0.932641
1.774974 0.930297
1.782799 0.927825
1.791041 0.924873
1.799673 0.921400
1.808229 0.917740
1.816702 0.913895
1.824951 0.909291
1.834048 0.904220
1.843003 0.898905
1.851617 0.892782
1.860027 0.886382
1.868809 0.879806
1.877140 0.872424
1.885797 0.864810
1.893910 0.856388
1.902574 0.847172
1.910285 0.837642
1.917839 0.827280
1.924935 0.816599
1.930969 0.805710
1.937080 0.794436
1.942554 0.783468
1.947695 0.771721
1.952321 0.759761
1.955797 0.748399
1.958819 0.736321
1.961816 0.723854
1.964277 0.711845
1.966214 0.699169
1.967656 0.686995
1.968520 0.674201
1.968465 0.662319
1.968215 0.649499
1.967408 0.636701
1.966223 0.624500
1.964543 0.612357
1.962588 0.600827
1.960433 0.589907
1.957893 0.579070
1.955573 0.568347
1.952618 0.558200
1.949633 0.547643
1.946647 0.537667
1.943664 0.527250
1.941025 0.516854
1.938189 0.506510
1.935508 0.496685
1.933143 0.485828
1.930788 0.475994
1.928555 0.465645
1.926237 0.455315
1.924206 0.445454
1.922341 0.435061
1.920230 0.425217
1.918656 0.415288
1.917081 0.405359
1.915880 0.395880
1.914487 0.386940
1.913680 0.377912
1.912703 0.369419
1.912333 0.360843
1.911807 0.352799
1.911553 0.344219
1.911369 0.335637
1.911364 0.328053
1.911908 0.319418
1.912570 0.310791
1.913675 0.302660
1.914594 0.294056
1.916499 0.284948
1.918300 0.275378
1.920878 0.265863
1.924006 0.255930
1.927736 0.245613
1.932123 0.234951
1.936489 0.224886
1.941914 0.214083
1.947320 0.203900
1.953465 0.193490
1.959551 0.183698
1.965952 0.174109
1.973111 0.164368
1.981537 0.154193
1.991400 0.144322
2.001198 0.134643
2.011918 0.125124
2.023050 0.116710
2.034625 0.108251
2.047122 0.100138
2.059347 0.093409
2.072015 0.086699
2.084824 0.081161
2.098072 0.075684
2.110985 0.070891
2.123283 0.067259
2.136562 0.063606
2.149129 0.061055
2.161795 0.059053
2.174284 0.057048
2.186841 0.055519
2.199086 0.054945
2.211724 0.054409
2.223415 0.054661
2.234944 0.054772
2.246038 0.055673
2.256987 0.056375
2.267368 0.057199
2.279251 0.058369
2.291095 0.059893
2.302366 0.061517
2.314075 0.063108
2.325231 0.064709
2.336848 0.066233
2.348432 0.067371
2.360501 0.068968
2.372046 0.070453
2.384083 0.071801
2.396128 0.072672
2.408168 0.073609
2.420202 0.074610
2.431742 0.075353
2.444285 0.076171
2.456337 0.076695
2.468904 0.076935
2.480980 0.076818
2.493054 0.076636
2.505128 0.076387
2.517199 0.076073
2.528769 0.075384
2.541337 0.074603
2.553399 0.074027
2.564951 0.073086
2.577004 0.072346
2.589034 0.070932
2.601074 0.069996
2.612592 0.068710
2.624618 0.067610
2.636117 0.066168
2.647123 0.064965
2.658603 0.063367
2.669591 0.062015
2.681098 0.060865
2.692076 0.059423
2.703045 0.057922
2.714588 0.057220
2.725080 0.056033
2.735622 0.055415
2.746164 0.054827
2.757272 0.055130
2.768892 0.055827
2.780007 0.057005
2.791607 0.058656
2.803173 0.060526
2.814188 0.062910
2.826114 0.066181
2.836943 0.069701
2.848594 0.074219
2.859644 0.078746
2.871425 0.084367
2.882016 0.090195
2.893371 0.096634
2.903915 0.103622
2.913812 0.110564
2.924401 0.118196
2.934464 0.126756
2.943574 0.135779
2.952583 0.144659
2.961526 0.154382
2.970066 0.164462
2.978188 0.174881
2.985284 0.185562
2.992501 0.196627
2.999091 0.207424
3.004832 0.218890
3.010395 0.229623
3.015575 0.240545
3.019890 0.252019
3.024288 0.263879
3.027724 0.276233
3.031126 0.287833
3.033586 0.299842
3.036069 0.312245
3.037577 0.324411
3.039149 0.336397
3.039822 0.348072
3.040050 0.359764
3.040413 0.371287
3.039816 0.382966
3.039119 0.393512
3.038480 0.404464
3.036921 0.415485
3.035197 0.425912
3.033730 0.436222
3.031387 0.446528
3.028977 0.456240
3.026593 0.466378
3.023633 0.475937
3.020389 0.485404
3.017188 0.494292
3.014001 0.503621
3.010346 0.512332
3.006454 0.520941
3.002701 0.528997
2.998951 0.537514
2.994830 0.545388
2.990915 0.552743
2.986842 0.560010
2.982612 0.567187
2.978364 0.574841
2.974274 0.581455
2.969622 0.588367
2.965710 0.594439
2.961344 0.601387
2.957321 0.607907
2.953209 0.614371
2.949010 0.620780
2.944857 0.628292
2.940580 0.635189
2.936285 0.642621
2.931929 0.650017
2.927513 0.657378
2.923083 0.665286
2.919141 0.673430
2.914668 0.681314
2.910195 0.689756
2.905742 0.698769
2.901779 0.707463
2.897351 0.716488
2.893412 0.725193
2.889008 0.734230
2.884605 0.743267
2.880251 0.752887
2.876360 0.761613
2.872059 0.771257
2.867784 0.780912
2.863048 0.790905
2.858800 0.800572
2.854034 0.809994
2.849242 0.819404
2.844480 0.829384
2.839173 0.839102
2.833815 0.848790
2.827866 0.858175
2.822312 0.867189
2.816186 0.876459
2.809455 0.885956
2.803089 0.894485
2.796096 0.903206
2.788969 0.911222
2.782730 0.918579
2.775345 0.926358
2.768382 0.933165
2.760226 0.940298
2.751898 0.947229
2.743403 0.953955
2.734296 0.960072
2.725010 0.965915
2.714995 0.971626
2.704644 0.977580
2.694466 0.982087
2.683369 0.986882
2.672110 0.991282
2.660937 0.994735
2.649386 0.998298
2.637990 1.000923
2.626502 1.003112
2.614626 1.005369
2.603009 1.006711
2.590999 1.008091
2.579315 1.008578
2.567621 1.008619
2.554972 1.008510
2.543308 1.007663
2.531685 1.006373
2.520120 1.004642
2.508165 1.002846
2.496236 1.000024
2.485456 0.997253
2.475790 0.994663
2.465212 0.991195
2.455249 0.987670
2.444932 0.983492
2.434230 0.979204
2.424671 0.974696
2.414825 0.969504
2.405594 0.964358
2.396535 0.958914
2.387659 0.953177
2.378788 0.947722
2.370647 0.941904
2.362468 0.936400
2.354426 0.930697
2.346525 0.924800
2.338861 0.919722
2.330950 0.914045
2.322885 0.908752
2.315797 0.903790
2.307879 0.898280
2.299757 0.893189
2.291678 0.888032
2.283640 0.882809
2.275360 0.878043
2.266794 0.872752
2.258552 0.867919
2.250030 0.862559
2.241244 0.857674
2.232750 0.852268
2.223991 0.847335
2.214355 0.841909
2.205595 0.836977
2.196545 0.831536
2.186924 0.826084
2.178178 0.821128
2.168857 0.815152
2.159852 0.809638
2.151731 0.804604
2.142756 0.799041
2.134362 0.794478
2.125974 0.788911
2.118176 0.784323
2.109541 0.778196
2.100957 0.772000
2.093010 0.765747
2.085133 0.759407
2.077072 0.752458
2.068864 0.744870
2.061601 0.737731
2.054232 0.729937
2.047389 0.721536
2.040753 0.712971
2.034328 0.704246
2.028119 0.695366
2.022553 0.685912
2.016836 0.676708
2.011792 0.666965
2.007041 0.657076
2.002588 0.647050
1.998437 0.636895
1.994591 0.626621
1.991022 0.615658
1.987825 0.605163
1.985463 0.594862
1.982951 0.583610
1.980807 0.572282
1.979462 0.561799
1.978061 0.550356
1.977134 0.538303
1.977088 0.526609
1.977048 0.514520
1.977537 0.503963
1.977959 0.493000
1.979301 0.481950
1.980819 0.471491
1.982773 0.459562
1.985247 0.448709
1.988311 0.436436
1.991547 0.424789
1.995799 0.413292
1.999911 0.401924
2.004336 0.391710
2.009479 0.381207
2.014423 0.370793
2.019904 0.361104
2.025141 0.351464
2.030414 0.342959
2.036363 0.334224
2.042030 0.325487
2.047599 0.317855
2.053372 0.310378
2.058804 0.302823
2.064398 0.295387
2.070685 0.288336
2.076594 0.280595
2.082190 0.273863
2.087892 0.266652
2.093711 0.259534
2.099645 0.252512
2.105187 0.245278
2.111321 0.237833
2.117572 0.229885
2.123388 0.222266
2.129265 0.214694
2.135205 0.207171
2.141238 0.199111
2.146787 0.191334
2.152358 0.183572
2.157950 0.175824
2.163599 0.167509
2.169779 0.158947
2.175982 0.150401
2.182167 0.142458
2.188974 0.133726
2.195828 0.125031
2.202730 0.116373
2.209678 0.107753
2.216673 0.099171
2.224195 0.090993
2.231329 0.082526
2.238984 0.074471
2.246255 0.066121
2.253956 0.058775
2.261847 0.050953
2.269271 0.043404
2.277207 0.036313
2.285239 0.029330
2.293923 0.022293
2.302029 0.016127
2.310798 0.009950
2.319116 0.004074
2.328097 -0.001790
2.336444 -0.006806
2.345641 -0.012324
2.354745 -0.017110
2.363740 -0.021146
2.373055 -0.025506
2.381886 -0.029611
2.391371 -0.033588
2.400104 -0.036801
2.409174 -0.040346
2.418309 -0.043718
2.427219 -0.046403
2.435325 -0.049429
2.443168 -0.051843
2.451940 -0.054595
2.459020 -0.057312
2.467279 -0.059893
2.474994 -0.062410
2.482736 -0.064843
2.490505 -0.067192
2.497722 -0.069520
2.505303 -0.072261
2.512898 -0.074960
2.519932 -0.077689
2.526396 -0.080470
2.533206 -0.083717
2.540008 -0.086983
2.545880 -0.089862
2.552085 -0.093227
2.558606 -0.097097
2.564185 -0.100596
2.570643 -0.104573
2.576164 -0.108162
2.581973 -0.112279
2.587738 -0.116459
2.593457 -0.120701
2.598845 -0.125513
2.604446 -0.129909
2.609702 -0.134865
2.615182 -0.139411
2.620300 -0.144508
2.625919 -0.149716
2.630627 -0.154447
2.635271 -0.159241
2.640672 -0.164674
2.645184 -0.169592
2.649856 -0.175102
2.654218 -0.180153
2.658511 -0.185263
2.662735 -0.190431
2.667463 -0.195756
2.671559 -0.201025
2.675396 -0.205804
2.679182 -0.210624
2.683089 -0.216035
2.686755 -0.220947
2.690368 -0.225898
2.693769 -0.230333
2.697287 -0.235352
2.700603 -0.239851
2.703882 -0.244377
2.707124 -0.248929
2.710884 -0.253677
2.714484 -0.257882
2.718627 -0.262267
2.723324 -0.266817
2.728034 -0.271355
2.732615 -0.275316
2.737774 -0.279409
2.743116 -0.284022
2.748890 -0.288189
2.754869 -0.292854
2.760721 -0.296911
2.767181 -0.301030
2.773696 -0.305060
2.779698 -0.308892
2.786310 -0.312761
2.792404 -0.316445
2.799109 -0.320152
2.805291 -0.323685
2.811289 -0.326612
2.817556 -0.329993
2.823284 -0.333241
2.828801 -0.335911
2.834591 -0.339049
2.840157 -0.341614
2.846005 -0.344641
2.851044 -0.347059
2.855787 -0.349914
2.861691 -0.352830
2.867042 -0.355667
2.871831 -0.358444
2.876627 -0.361208
2.882008 -0.363987
2.888256 -0.367271
2.893363 -0.370481
2.899352 -0.373219
2.905643 -0.376418
2.911652 -0.380081
2.917961 -0.383246
2.923989 -0.386876
2.930017 -0.390507
2.936046 -0.394137
2.942935 -0.398286
2.949243 -0.402426
2.955539 -0.406583
2.961243 -0.410741
2.967505 -0.414949
2.973756 -0.419174
2.979680 -0.423908
2.986149 -0.428718
2.991748 -0.433015
2.998420 -0.438416
3.004795 -0.443349
3.011393 -0.448840
3.017701 -0.453859
3.024806 -0.459487
3.031880 -0.465154
3.038341 -0.470806
3.045919 -0.476624
3.053128 -0.482941
3.060643 -0.488841
3.068366 -0.495300
3.075251 -0.501195
3.082685 -0.507197
3.090319 -0.513760
3.097704 -0.519822
3.104493 -0.525828
3.112408 -0.532026
3.119743 -0.538148
3.127269 -0.544836
3.135134 -0.551098
3.142998 -0.557360
3.150862 -0.563622
3.158727 -0.569885
3.166383 -0.575601
3.174264 -0.581841
3.182145 -0.588082
3.190027 -0.594323
3.197698 -0.600018
3.205805 -0.606784
3.213477 -0.612479
3.220795 -0.618621
3.228677 -0.624862
3.235978 -0.631024
3.243634 -0.636739
3.250936 -0.642901
3.258801 -0.649163
3.266457 -0.654879
3.273180 -0.660959
3.281231 -0.667791
3.287904 -0.673925
3.295700 -0.680272
3.302340 -0.686442
3.310101 -0.692832
3.317862 -0.699222
3.326202 -0.705698
3.334559 -0.712152
3.342934 -0.718584
3.351326 -0.724992
3.359939 -0.731928
3.368349 -0.738313
3.377356 -0.744752
3.385817 -0.751069
3.394295 -0.757363
3.402791 -0.763634
3.411884 -0.769950
3.419850 -0.776083
3.428396 -0.782285
3.436959 -0.788463
3.445318 -0.794075
3.453349 -0.800121
3.461158 -0.805627
3.468754 -0.810573
3.476026 -0.815956
3.483070 -0.820802
3.490126 -0.825628
3.495805 -0.829784
3.501825 -0.833469
3.507527 -0.837593
