0.000000 0.000000
0.000000 0.000000
0.000000 0.000000
0.000000 0.000000
0.000000 0.000000
0.000000 0.000000
0.000000 0.000000
0.000000 0.000000
0.000000 0.000000
0.000000 0.000000
0.000000 0.000000
0.000000 0.000000
0.000502 -0.000273
0.001507 -0.000276
0.002008 -0.000550
0.003517 -0.000283
0.005528 -0.000288
0.007538 -0.000294
0.009547 0.000255
0.012563 0.000264
0.015575 0.000831
0.019090 0.001141
0.023111 0.001185
0.027123 0.001794
0.032149 0.001876
0.037672 0.002253
0.043194 0.002645
0.049720 0.003076
0.056755 0.003248
0.063280 0.003697
0.070808 0.004194
0.078335 0.004711
0.086351 0.005560
0.094878 0.006180
0.103918 0.006549
0.112958 0.006917
0.121999 0.007286
0.132043 0.007695
0.142602 0.007825
0.153161 0.007927
0.163720 0.007999
0.175284 0.008073
0.186848 0.008116
0.199417 0.008151
0.210981 0.008131
0.223551 0.008098
0.236626 0.007732
0.249194 0.007597
0.262266 0.007125
0.275329 0.005967
0.289397 0.005271
0.302439 0.003900
0.316493 0.002975
0.330028 0.001681
0.344068 0.000564
0.358588 -0.000963
0.372612 -0.002270
0.386629 -0.003653
0.401117 -0.005455
0.414587 -0.007300
0.429044 -0.009338
0.443542 -0.010875
0.457976 -0.013070
0.472457 -0.014764
0.486866 -0.017117
0.501861 -0.018712
0.516787 -0.020928
0.530702 -0.023108
0.545142 -0.025117
0.559116 -0.026795
0.573090 -0.028474
0.586066 -0.030032
0.599577 -0.031345
0.612625 -0.032257
0.625678 -0.033099
0.639265 -0.033614
0.652379 -0.033666
0.666014 -0.033306
0.679642 -0.032760
0.692770 -0.031700
0.705379 -0.030105
0.718961 -0.028277
0.731992 -0.025891
0.744969 -0.023222
0.757358 -0.019996
0.769197 -0.016816
0.780500 -0.013732
0.791655 -0.009834
0.802712 -0.005665
0.814098 -0.000840
0.824786 0.004485
0.835311 0.010127
0.845662 0.016080
0.855252 0.022478
0.865211 0.029067
0.874384 0.036052
0.883661 0.043801
0.892339 0.051393
0.900171 0.059301
0.908313 0.067464
0.916456 0.076399
0.923178 0.084555
0.930459 0.093493
0.936855 0.102603
0.942925 0.111933
0.948662 0.121472
0.954639 0.131331
0.959715 0.141237
0.964438 0.151316
0.969368 0.161739
0.973955 0.172316
0.977706 0.183392
0.981535 0.194267
0.985031 0.205839
0.988113 0.216948
0.991370 0.227283
0.993813 0.238550
0.996433 0.249631
0.998691 0.261357
1.000517 0.273720
1.002511 0.285924
1.004172 0.298178
1.005370 0.311039
1.006626 0.324328
1.007089 0.337237
1.007585 0.350576
1.007912 0.363374
1.007719 0.376721
1.007551 0.390510
1.007280 0.403756
1.006109 0.417053
1.005191 0.430270
1.004330 0.443947
1.002593 0.457627
1.001139 0.471254
0.999426 0.484851
0.997455 0.498413
0.995227 0.511935
0.992410 0.525895
0.990248 0.539362
0.987288 0.552743
0.983977 0.567065
0.981011 0.581402
0.977606 0.595155
0.974965 0.608492
0.972215 0.621807
0.968591 0.635992
0.964996 0.650677
0.961242 0.665322
0.957729 0.679493
0.953906 0.694621
0.949959 0.709717
0.946092 0.725340
0.941941 0.740381
0.938279 0.755530
0.933965 0.770525
0.929717 0.786048
0.925199 0.800984
0.921168 0.816038
0.916916 0.830516
0.912586 0.844971
0.907918 0.860373
0.903430 0.874780
0.899032 0.889731
0.894594 0.904670
0.889511 0.919423
0.884911 0.934313
0.880111 0.948619
0.875389 0.963471
0.870918 0.977348
0.866561 0.991784
0.862204 1.006221
0.858138 1.019695
0.854666 1.033345
0.850829 1.047411
0.848337 1.060286
0.844692 1.074402
0.842376 1.087310
0.839351 1.101066
0.835800 1.114685
0.833273 1.128045
0.830255 1.141279
0.826853 1.154936
0.823450 1.168593
0.820228 1.182812
0.816862 1.196478
0.813496 1.210144
0.809890 1.224786
0.805678 1.239276
0.801813 1.253334
0.797483 1.267788
0.793247 1.282786
0.789230 1.296802
0.784743 1.311208
0.780345 1.326160
0.775740 1.340529
0.771495 1.354477
0.766774 1.368809
0.762415 1.382722
0.757734 1.397587
0.752857 1.411866
0.748347 1.425731
0.743354 1.439970
0.738880 1.454371
0.733809 1.468583
0.728805 1.483342
0.723619 1.497512
0.718950 1.511851
0.714591 1.525233
0.711271 1.538418
0.708058 1.551629
0.705830 1.564070
0.703338 1.576946
0.701839 1.589027
0.700953 1.600709
0.700103 1.611855
0.699630 1.623562
0.700157 1.634384
0.700949 1.645191
0.702135 1.654978
0.703805 1.665257
0.705753 1.675487
0.708301 1.685164
0.711137 1.694761
0.714259 1.704269
0.717663 1.713679
0.721604 1.722452
0.725590 1.731631
0.730072 1.740140
0.734828 1.748499
0.739855 1.756698
0.745147 1.764729
0.750697 1.772583
0.756072 1.779867
0.762214 1.786779
0.768505 1.794053
0.775102 1.800532
0.781872 1.807363
0.788893 1.813379
0.000000 0.000000
0.000000 0.000000
0.000000 0.000000
0.000000 0.000000
0.000000 0.000000
0.000000 0.000000
0.000000 0.000000
0.000000 0.000000
0.000000 0.000000
0.000000 0.000000
0.000000 0.000000
0.000000 0.000000
0.000000 0.000000
0.000000 0.000000
0.000502 0.000273
0.001003 0.000548
0.001504 0.000823
0.002003 0.001100
0.003507 0.001393
0.005518 0.001420
0.008026 0.001733
0.011042 0.001782
0.015560 0.002139
0.020077 0.002509
0.025087 0.003189
0.030605 0.003626
0.037127 0.004111
0.043648 0.004613
0.050681 0.004861
0.058695 0.005732
0.067244 0.005785
0.076285 0.006130
0.085326 0.006474
0.095372 0.006856
0.105418 0.007238
0.116468 0.007659
0.127519 0.008079
0.139082 0.008216
0.150646 0.008321
0.163215 0.008425
0.175784 0.008495
0.187857 0.008214
0.200933 0.007884
0.214511 0.007179
0.227581 0.006671
0.241148 0.005783
0.255713 0.004769
0.268751 0.003363
0.283294 0.002074
0.297338 0.000995
0.312379 -0.000203
0.327414 -0.001483
0.341921 -0.003128
0.357417 -0.004957
0.372421 -0.006563
0.387416 -0.008251
0.402401 -0.010021
0.417376 -0.011871
0.432342 -0.013804
0.447296 -0.015817
0.462773 -0.017651
0.477710 -0.019787
0.492172 -0.021638
0.507091 -0.023895
0.521537 -0.025864
0.535978 -0.027872
0.549415 -0.029797
0.563384 -0.031514
0.576891 -0.032862
0.589867 -0.034421
0.603378 -0.035733
0.617426 -0.036758
0.630538 -0.036988
0.643599 -0.037688
0.656713 -0.037705
0.669827 -0.037579
0.682452 -0.036973
0.694575 -0.035869
0.707184 -0.034275
0.719261 -0.032743
0.731786 -0.030093
0.743758 -0.027462
0.754667 -0.024632
0.766378 -0.020272
0.778939 -0.015408
0.790780 -0.009915
0.802844 -0.003611
0.814251 0.002735
0.825242 0.010063
0.836298 0.018278
0.846634 0.026505
0.856959 0.035620
0.866878 0.045176
0.876083 0.054652
0.884893 0.064496
0.893295 0.074691
0.900679 0.085175
0.908194 0.096040
0.915259 0.107202
0.921436 0.119081
0.926926 0.130669
0.931907 0.142485
0.937018 0.155275
0.940954 0.167479
0.944356 0.179843
0.947753 0.192609
0.950103 0.205215
0.951975 0.216759
0.953291 0.229514
0.954535 0.242666
0.954880 0.254920
0.954855 0.266614
0.954521 0.279821
0.953156 0.291053
0.951927 0.302116
0.950309 0.313129
0.949046 0.325003
0.947791 0.337305
0.946810 0.349524
0.945564 0.361718
0.944053 0.373883
0.943496 0.385983
0.942198 0.398087
0.941312 0.410167
0.939992 0.422737
0.939113 0.435299
0.938442 0.447357
0.937706 0.459410
0.937200 0.471969
0.936660 0.484527
0.936109 0.496078
0.935818 0.508138
0.935527 0.520198
0.935552 0.531763
0.935607 0.543327
0.936004 0.554391
0.936154 0.565955
0.936641 0.577016
0.936886 0.588577
0.937463 0.599634
0.938100 0.610687
0.938797 0.621737
0.939823 0.631267
0.940356 0.641813
0.941234 0.652850
0.941853 0.663391
0.942782 0.673416
0.943765 0.683436
0.945127 0.693935
0.946515 0.703419
0.948240 0.712367
0.950063 0.721296
0.951983 0.730204
0.954588 0.739021
0.957337 0.747794
0.960228 0.756521
0.963633 0.765644
0.967411 0.774147
0.971374 0.782567
0.975920 0.791315
0.980837 0.799381
0.986253 0.808276
0.991908 0.817020
0.997465 0.824660
1.004139 0.832854
1.010609 0.840489
1.018203 0.849163
1.025625 0.856687
1.033804 0.863661
1.042249 0.870913
1.051465 0.878112
1.060948 0.884956
1.071223 0.891640
1.081665 0.897312
1.091911 0.902947
1.102220 0.907612
1.112879 0.912423
1.124283 0.916921
1.135074 0.920323
1.146231 0.923829
1.157512 0.926908
1.169480 0.929560
1.181842 0.932240
1.193720 0.934489
1.206245 0.936256
1.218603 0.938112
1.231949 0.939936
1.244777 0.941444
1.258211 0.942432
1.271669 0.942982
1.285556 0.943518
1.298472 0.943415
1.312366 0.943122
1.325614 0.943242
1.338404 0.942695
1.351644 0.942203
1.363870 0.941318
1.377075 0.940251
1.389222 0.939444
1.401353 0.938438
1.413962 0.937558
1.426558 0.936507
1.437630 0.935571
1.449697 0.934517
1.460746 0.933340
1.471782 0.932043
1.482824 0.931229
1.493861 0.930356
1.504893 0.929422
1.515920 0.928429
1.525420 0.927148
1.535947 0.926332
1.546473 0.925487
1.555472 0.924404
1.565507 0.923803
1.573977 0.922410
1.584007 0.921728
1.594037 0.921046
1.603064 0.920431
1.612612 0.920080
1.622160 0.919755
1.631190 0.919190
1.640740 0.918891
1.649772 0.918350
1.659322 0.918077
1.667869 0.917884
1.676904 0.917392
1.684934 0.916956
1.693482 0.916786
1.702518 0.916319
1.710550 0.915904
1.719067 0.915169
1.727583 0.914410
1.735576 0.913366
1.743563 0.912278
1.752022 0.910815
1.759939 0.909034
1.767837 0.907167
1.775714 0.905214
1.783491 0.902594
1.791224 0.899848
1.799903 0.896818
1.807429 0.893245
1.815861 0.889308
1.823643 0.885014
1.832291 0.880282
1.840822 0.875340
1.848654 0.870058
1.857291 0.864240
1.865543 0.857636
1.873231 0.851231
1.881054 0.844125
1.889543 0.836324
1.896886 0.828722
1.904530 0.819872
1.911832 0.810738
1.919138 0.801819
1.925992 0.791656
1.932233 0.781766
1.938266 0.771095
1.943709 0.760745
1.948884 0.749632
1.953032 0.738498
1.957254 0.726989
1.960945 0.715892
1.963705 0.704335
1.966491 0.692398
1.968788 0.680356
1.970123 0.669120
1.971432 0.656932
1.972327 0.645272
1.972206 0.633390
1.972019 0.621133
1.970900 0.609304
1.969859 0.597656
1.968178 0.585513
1.965843 0.574441
1.963180 0.562476
1.959689 0.551118
1.956313 0.539922
1.951909 0.528886
1.947308 0.517523
1.942591 0.506823
1.937235 0.496856
1.932440 0.487437
1.927151 0.477193
1.921933 0.467542
1.916430 0.458052
1.911218 0.448552
1.905777 0.439182
1.900674 0.429748
1.895392 0.420413
1.890388 0.411543
1.885338 0.402175
1.880717 0.392649
1.875930 0.383743
1.871597 0.374655
1.867766 0.365360
1.864489 0.355841
1.861175 0.346880
1.858534 0.337119
1.856104 0.326757
1.854504 0.315601
1.853015 0.304979
1.852452 0.293606
1.851773 0.281809
1.851975 0.269869
1.852731 0.257396
1.853290 0.245042
1.855022 0.232104
1.857464 0.218714
1.860412 0.205426
1.864184 0.192765
1.868468 0.180268
1.873592 0.167484
1.878913 0.155392
1.885323 0.143638
1.892269 0.132192
1.899737 0.121080
1.907279 0.110709
1.915265 0.100676
1.924141 0.090653
1.933539 0.081646
1.943327 0.072512
1.953020 0.064116
1.963069 0.056150
1.972927 0.048864
1.984083 0.042156
1.995647 0.035410
2.006956 0.029364
2.019493 0.024131
2.031892 0.019081
2.044511 0.014608
2.056748 0.010776
2.069465 0.007995
2.082581 0.005308
2.095505 0.003747
2.108816 0.002318
2.121830 0.001991
2.135217 0.001832
2.148598 0.002292
2.161527 0.003801
2.174804 0.005529
2.187986 0.007868
2.200520 0.010576
2.212953 0.014434
2.225685 0.018572
2.239246 0.022684
2.253154 0.027058
2.266951 0.031342
2.281220 0.035199
2.296294 0.040148
2.311326 0.044927
2.327658 0.050649
2.344392 0.056604
2.361130 0.062346
2.378161 0.068836
2.395224 0.075078
2.413150 0.081872
2.430000 0.088666
2.448276 0.095886
2.465870 0.103501
2.484141 0.110651
2.502129 0.118561
2.520240 0.126107
2.538876 0.133673
2.557233 0.141948
2.575395 0.149331
2.593884 0.157251
2.612671 0.165761
2.630796 0.174532
2.649086 0.182901
2.667252 0.190274
2.684850 0.197702
2.702108 0.204637
2.719386 0.211525
2.736339 0.217878
2.753326 0.224138
2.769412 0.229935
2.785755 0.235049
2.802153 0.239986
2.818234 0.244275
2.833994 0.247883
2.849810 0.251233
2.865679 0.254325
2.880789 0.256278
2.896352 0.258332
2.911529 0.259668
2.927281 0.260469
2.941957 0.261318
2.955656 0.261718
2.969275 0.262469
2.982444 0.262660
2.994547 0.263118
3.006656 0.263445
3.018237 0.263889
3.028762 0.264735
3.039759 0.265905
3.050223 0.267320
3.061147 0.269119
3.071064 0.270857
3.080890 0.273242
3.090147 0.275957
3.099366 0.278798
3.109423 0.282525
3.119408 0.286442
3.129737 0.290950
3.139400 0.295851
3.148940 0.300988
3.158352 0.306357
3.167052 0.312080
3.176540 0.318377
3.185268 0.325024
3.193539 0.332474
3.202448 0.340644
3.210764 0.349650
3.218977 0.359498
3.226754 0.369694
3.234303 0.380751
3.240740 0.392066
3.247205 0.403789
3.252977 0.415240
3.258485 0.428061
3.262700 0.440377
3.266867 0.453101
3.269894 0.465761
3.272823 0.478245
3.274669 0.491131
3.276434 0.503832
3.277084 0.516833
3.277574 0.530213
3.277321 0.544165
3.275946 0.557680
3.274475 0.570988
3.271992 0.583766
3.269493 0.596343
3.266344 0.607801
3.262763 0.620114
3.258041 0.632244
3.252696 0.645134
3.246811 0.656746
3.240601 0.668607
3.233641 0.679607
3.226333 0.690825
3.218515 0.701693
3.210075 0.711604
3.200798 0.722027
3.190952 0.731389
3.181170 0.740530
3.170965 0.748611
3.160359 0.756782
3.149433 0.763858
3.139252 0.769985
3.128169 0.776434
3.117494 0.781654
3.106455 0.786982
3.095944 0.791173
3.084702 0.795022
3.074805 0.798726
3.063877 0.801663
3.053990 0.804098
3.045174 0.806157
3.035149 0.807942
3.025068 0.809373
3.014942 0.810446
3.005356 0.811228
2.995750 0.811697
2.986134 0.811852
2.976518 0.811694
2.967472 0.811360
2.958439 0.810756
2.949429 0.809882
2.940994 0.808923
2.932588 0.807736
2.924218 0.806320
2.915889 0.804678
2.907658 0.803395
2.898498 0.802613
2.889351 0.801681
2.879768 0.801522
2.869700 0.801615
2.859147 0.801981
2.849113 0.802589
2.838114 0.803859
2.826120 0.805261
2.815188 0.807252
2.802809 0.809806
2.790929 0.812171
2.778159 0.815391
2.765895 0.818447
2.752679 0.821820
2.740174 0.826197
2.727209 0.830639
2.714332 0.835327
2.701699 0.840857
2.689777 0.846861
2.677446 0.853035
2.665474 0.860092
2.653719 0.867503
2.642538 0.874795
2.631224 0.882864
2.619885 0.890714
2.608432 0.899333
2.598409 0.908331
2.587491 0.917619
2.577426 0.927201
2.567652 0.937080
2.556986 0.947312
2.546353 0.958345
2.536229 0.969114
2.525779 0.980201
2.514981 0.991595
2.504402 1.003193
2.493621 1.014526
2.482571 1.025542
2.471025 1.036755
2.459859 1.046889
2.448110 1.057129
2.435917 1.066865
2.423820 1.075934
2.411042 1.084955
2.397949 1.092746
2.384690 1.100251
2.370912 1.106954
2.357784 1.112709
2.344181 1.117576
2.330709 1.121470
2.317107 1.124885
2.302815 1.127762
2.289339 1.129679
2.275228 1.130981
2.261458 1.131245
2.248248 1.131059
2.235058 1.130336
2.222454 1.129266
2.210350 1.127326
2.197339 1.125034
2.184398 1.121603
2.171629 1.117577
2.159551 1.113271
2.147193 1.108119
2.135087 1.102401
2.123258 1.096131
2.112159 1.089709
2.101102 1.081815
2.090274 1.073941
2.079821 1.065576
2.070356 1.056639
2.060744 1.047319
2.052472 1.038015
2.044040 1.028354
2.036125 1.017312
2.028419 1.006364
2.022026 0.995682
2.015362 0.984069
2.009828 0.972287
2.004425 0.960658
2.000103 0.948982
1.995763 0.936916
1.992504 0.924900
1.989290 0.913071
1.987088 0.899665
1.985032 0.886435
1.984092 0.873452
1.983301 0.860087
1.983598 0.847073
1.983944 0.834255
1.985604 0.820771
1.987354 0.807497
1.989716 0.794319
1.992555 0.780267
1.995773 0.766875
1.999571 0.753636
2.003016 0.740042
2.007262 0.726094
2.012036 0.712319
2.016818 0.697651
2.021834 0.682598
2.027688 0.667265
2.033828 0.651569
2.039819 0.635909
2.045580 0.620238
2.051276 0.603537
2.056936 0.587886
2.063530 0.570956
2.070694 0.553175
2.077836 0.536468
2.085576 0.518930
2.092994 0.501295
2.100731 0.484328
2.109060 0.466530
2.117028 0.448600
2.125632 0.430396
2.133833 0.412030
2.142733 0.393968
2.151232 0.375738
2.159831 0.357555
2.168528 0.339419
2.177323 0.321331
2.186723 0.302973
2.195764 0.285005
2.204901 0.267087
2.213625 0.249530
2.221887 0.232308
2.229640 0.215401
2.236842 0.198791
2.243451 0.182467
2.249342 0.165833
2.255101 0.149706
2.260686 0.133518
2.265610 0.117620
2.270318 0.101656
2.274336 0.085996
2.278099 0.070273
2.281147 0.054874
2.283902 0.039419
2.285648 0.025285
2.287339 0.010144
2.289074 -0.003918
2.290579 -0.018006
2.291650 -0.031133
2.292713 -0.043727
2.293997 -0.056779
2.294968 -0.068852
2.296627 -0.080297
2.297875 -0.091298
2.299440 -0.102756
2.301789 -0.113575
2.304027 -0.123391
2.306906 -0.133085
2.310281 -0.143178
2.313584 -0.152242
2.317010 -0.161259
2.321134 -0.170081
2.325843 -0.179225
2.330749 -0.188265
2.336415 -0.197002
2.342318 -0.205582
2.348451 -0.213998
2.355277 -0.222586
2.362896 -0.230701
2.370757 -0.239134
2.378411 -0.246423
2.386806 -0.253732
2.395454 -0.260740
2.404344 -0.267438
2.412931 -0.273600
2.422255 -0.279679
2.431788 -0.285426
2.440964 -0.290669
2.450865 -0.295755
2.459813 -0.300236
2.468711 -0.303885
2.478491 -0.307890
2.487252 -0.311425
2.496680 -0.314781
2.505053 -0.317763
2.513239 -0.320010
2.521483 -0.322034
2.529488 -0.324342
2.537246 -0.325969
2.545041 -0.327406
2.552613 -0.329176
2.559315 -0.330359
2.566374 -0.331892
2.571968 -0.332950
2.577923 -0.334400
2.583542 -0.335322
2.588958 -0.336699
2.593814 -0.338107
2.599249 -0.339410
0.006032 0.000000
0.004523 0.000284
0.008544 0.000295
0.011058 0.000023
0.012060 0.000572
0.012563 0.000302
0.012563 0.000302
0.012563 0.000302
0.012563 0.000302
0.012563 0.000302
0.012563 0.000302
0.012563 0.000302
0.012563 0.000302
0.012563 0.000302
0.012563 0.000302
0.012563 0.000302
0.012563 0.000302
0.012563 0.000302
0.012563 0.000302
0.012563 0.000302
0.012563 0.000302
0.012563 0.000302
0.012563 0.000302
0.012563 0.000302
0.012563 0.000302
0.012563 0.000302
0.012563 0.000302
0.012563 0.000302
0.012563 0.000302
0.012563 0.000302
0.012563 0.000302
0.012563 0.000302
0.012563 0.000302
0.012563 0.000302
0.012563 0.000302
0.012563 0.000302
0.012563 0.000302
0.012563 0.000302
0.012563 0.000302
0.012563 0.000302
0.012563 0.000302
0.012563 0.000302
0.012563 0.000302
0.012563 0.000302
0.012563 0.000302
0.012563 0.000302
0.012563 0.000302
0.012563 0.000302
0.012563 0.000302
0.012563 0.000302
0.012563 0.000302
0.012563 0.000302
0.012563 0.000302
0.012563 0.000302
0.012563 0.000302
0.012563 0.000302
0.012563 0.000302
0.012563 0.000302
0.012563 0.000302
0.012563 0.000302
0.012563 0.000302
0.012563 0.000302
0.012563 0.000302
0.012563 0.000302
0.012563 0.000302
0.012563 0.000302
0.012563 0.000302
0.012563 0.000302
0.012563 0.000302
0.012563 0.000302
0.012563 0.000302
0.012563 0.000302
0.012563 0.000302
0.012563 0.000302
0.012563 0.000302
0.012563 0.000302
0.012563 0.000302
0.012563 0.000302
0.012563 0.000302
0.012563 0.000302
0.012563 0.000302
0.012563 0.000302
0.012563 0.000302
0.012563 0.000302
0.012563 0.000302
0.012563 0.000302
0.012563 0.000302
0.012563 0.000302
0.012563 0.000302
0.012563 0.000302
0.012563 0.000302
0.012563 0.000302
0.012563 0.000302
0.012563 0.000302
0.012563 0.000302
0.012563 0.000302
0.012563 0.000302
0.012563 0.000302
0.012563 0.000302
0.012563 0.000302
0.012563 0.000302
0.012563 0.000302
0.012563 0.000302
0.012563 0.000302
0.012563 0.000302
0.012563 0.000302
0.012563 0.000302
0.012563 0.000302
0.012563 0.000302
0.012563 0.000302
0.012563 0.000302
0.012563 0.000302
0.012563 0.000302
0.012563 0.000302
0.012563 0.000302
0.012563 0.000302
0.012563 0.000302
0.012563 0.000302
0.012563 0.000302
0.012563 0.000302
0.012563 0.000302
0.012563 0.000302
0.012563 0.000302
0.012563 0.000302
0.012563 0.000302
0.012563 0.000302
0.012563 0.000302
0.012563 0.000302
0.012563 0.000302
0.012563 0.000302
0.012563 0.000302
0.012563 0.000302
0.012563 0.000302
0.012563 0.000302
0.012563 0.000302
0.012563 0.000302
0.012563 0.000302
0.012563 0.000302
0.012563 0.000302
0.012563 0.000302
0.012563 0.000302
0.012563 0.000302
0.012563 0.000302
0.012563 0.000302
0.012563 0.000302
0.012563 0.000302
0.012563 0.000302
0.012563 0.000302
0.012563 0.000302
0.012563 0.000302
0.012563 0.000302
0.012563 0.000302
0.012563 0.000302
0.012563 0.000302
0.012563 0.000302
0.012563 0.000302
0.012563 0.000302
0.012563 0.000302
0.012563 0.000302
0.012563 0.000302
0.012563 0.000302
0.012563 0.000302
0.012563 0.000302
0.012563 0.000302
0.012563 0.000302
0.012563 0.000302
0.012563 0.000302
0.012563 0.000302
0.012563 0.000302
0.012563 0.000302
0.012563 0.000302
0.012563 0.000302
0.012563 0.000302
0.012563 0.000302
0.012563 0.000302
0.012563 0.000302
0.012563 0.000302
0.012563 0.000302
0.012563 0.000302
0.012563 0.000302
0.012563 0.000302
0.012563 0.000302
0.012563 0.000302
0.012563 0.000302
0.012563 0.000302
0.012563 0.000302
0.012563 0.000302
0.012563 0.000302
0.012563 0.000302
0.012563 0.000302
0.012563 0.000302
0.012563 0.000302
0.012563 0.000302
0.012563 0.000302
0.012563 0.000302
0.012563 0.000302
0.012563 0.000302
0.012563 0.000302
0.012563 0.000302
0.012563 0.000302
0.012563 0.000302
0.012563 0.000302
0.012563 0.000302
0.012563 0.000302
0.012563 0.000302
0.012563 0.000302
0.012563 0.000302
0.012563 0.000302
0.012563 0.000302
0.012563 0.000302
0.012563 0.000302
0.012563 0.000302
0.012563 0.000302
0.012563 0.000302
0.012563 0.000302
0.012563 0.000302
0.012563 0.000302
0.012563 0.000302
0.012563 0.000302
0.012563 0.000302
0.012563 0.000302
0.012563 0.000302
0.012563 0.000302
0.012563 0.000302
0.012563 0.000302
0.012563 0.000302
0.012563 0.000302
0.012563 0.000302
0.012563 0.000302
0.012563 0.000302
0.012563 0.000302
0.012563 0.000302
0.012563 0.000302
0.012563 0.000302
0.012563 0.000302
0.012563 0.000302
0.012563 0.000302
0.012563 0.000302
0.012563 0.000302
0.012563 0.000302
0.012563 0.000302
0.012563 0.000302
0.012563 0.000302
0.012563 0.000302
0.012563 0.000302
0.012563 0.000302
0.012563 0.000302
0.012563 0.000302
0.012563 0.000302
0.012563 0.000302
0.012563 0.000302
0.012563 0.000302
0.012563 0.000302
0.012563 0.000302
0.012563 0.000302
0.012563 0.000302
0.012563 0.000302
0.012563 0.000302
0.012563 0.000302
0.012563 0.000302
0.012563 0.000302
0.012563 0.000302
0.012563 0.000302
0.012563 0.000302
0.012563 0.000302
0.012563 0.000302
0.012563 0.000302
0.012563 0.000302
0.012563 0.000302
0.012563 0.000302
0.012563 0.000302
0.012563 0.000302
0.012563 0.000302
0.012563 0.000302
0.012563 0.000302
0.012563 0.000302
0.012563 0.000302
0.012563 0.000302
0.012563 0.000302
0.012563 0.000302
0.012563 0.000302
0.012563 0.000302
0.012563 0.000302
0.012563 0.000302
0.012563 0.000302
0.012563 0.000302
0.012563 0.000302
0.012563 0.000302
0.012563 0.000302
0.012563 0.000302
0.012563 0.000302
0.012563 0.000302
0.012563 0.000302
0.012563 0.000302
0.012563 0.000302
0.012563 0.000302
0.012563 0.000302
0.012563 0.000302
0.012563 0.000302
0.012563 0.000302
0.012563 0.000302
0.012563 0.000302
0.012563 0.000302
0.012563 0.000302
0.012563 0.000302
0.012563 0.000302
0.012563 0.000302
0.012563 0.000302
0.012563 0.000302
0.012563 0.000302
0.012563 0.000302
0.012563 0.000302
0.012563 0.000302
0.012563 0.000302
0.012563 0.000302
0.012563 0.000302
0.012563 0.000302
0.012563 0.000302
0.012563 0.000302
0.012563 0.000302
0.012563 0.000302
0.012563 0.000302
0.012563 0.000302
0.012563 0.000302
0.012563 0.000302
0.012563 0.000302
0.012563 0.000302
0.012563 0.000302
0.012563 0.000302
0.012563 0.000302
0.012563 0.000302
0.012563 0.000302
0.012563 0.000302
0.012563 0.000302
0.012563 0.000302
0.012563 0.000302
0.012563 0.000302
0.012563 0.000302
0.012563 0.000302
0.012563 0.000302
0.012563 0.000302
0.012563 0.000302
0.012563 0.000302
0.012563 0.000302
0.012563 0.000302
0.012563 0.000302
0.012563 0.000302
0.012563 0.000302
0.012563 0.000302
0.012563 0.000302
0.012563 0.000302
0.012563 0.000302
0.012563 0.000302
0.012563 0.000302
0.012563 0.000302
0.012563 0.000302
0.012563 0.000302
0.012563 0.000302
0.012563 0.000302
0.012563 0.000302
0.012563 0.000302
0.012563 0.000302
0.012563 0.000302
0.012563 0.000302
0.012563 0.000302
0.012563 0.000302
0.012563 0.000302
0.012563 0.000302
0.012563 0.000302
0.012563 0.000302
0.012563 0.000302
0.012563 0.000302
0.012563 0.000302
0.012563 0.000302
0.012563 0.000302
0.012563 0.000302
0.012563 0.000302
0.012563 0.000302
0.012563 0.000302
0.012563 0.000302
0.012563 0.000302
0.012563 0.000302
0.012563 0.000302
0.012563 0.000302
0.012563 0.000302
0.012563 0.000302
0.012563 0.000302
0.012563 0.000302
0.012563 0.000302
0.012563 0.000302
0.012563 0.000302
0.012563 0.000302
0.012563 0.000302
0.012563 0.000302
0.012563 0.000302
0.012563 0.000302
0.012563 0.000302
0.012563 0.000302
0.012563 0.000302
0.012563 0.000302
0.012563 0.000302
0.012563 0.000302
0.012563 0.000302
0.012563 0.000302
0.012563 0.000302
0.012563 0.000302
0.012563 0.000302
0.012563 0.000302
0.012563 0.000302
0.012563 0.000302
0.012563 0.000302
0.012563 0.000302
0.012563 0.000302
0.012563 0.000302
0.012563 0.000302
0.012563 0.000302
0.012563 0.000302
0.012563 0.000302
0.012563 0.000302
0.012563 0.000302
0.012563 0.000302
0.012563 0.000302
0.012563 0.000302
0.012563 0.000302
0.012563 0.000302
0.012563 0.000302
0.012563 0.000302
0.012563 0.000302
0.012563 0.000302
0.012563 0.000302
0.012563 0.000302
0.012563 0.000302
0.012563 0.000302
0.012563 0.000302
0.012563 0.000302
0.012563 0.000302
0.012563 0.000302
0.012563 0.000302
0.012563 0.000302
0.012563 0.000302
0.012563 0.000302
0.012563 0.000302
0.012563 0.000302
0.012563 0.000302
0.012563 0.000302
0.012563 0.000302
0.012563 0.000302
0.012563 0.000302
0.012563 0.000302
0.012563 0.000302
0.012563 0.000302
0.012563 0.000302
0.012563 0.000302
0.012563 0.000302
0.012563 0.000302
0.012563 0.000302
0.012563 0.000302
0.012563 0.000302
0.012563 0.000302
0.012563 0.000302
0.012563 0.000302
0.012563 0.000302
0.012563 0.000302
0.012563 0.000302
0.012563 0.000302
0.012563 0.000302
0.012563 0.000302
0.012563 0.000302
0.012563 0.000302
0.012563 0.000302
0.012563 0.000302
0.012563 0.000302
0.012563 0.000302
0.012563 0.000302
0.012563 0.000302
0.012563 0.000302
0.012563 0.000302
0.012563 0.000302
0.012563 0.000302
0.012563 0.000302
0.012563 0.000302
0.012563 0.000302
0.012563 0.000302
0.012563 0.000302
0.012563 0.000302
0.012563 0.000302
0.012563 0.000302
0.012563 0.000302
0.012563 0.000302
0.012563 0.000302
0.012563 0.000302
0.012563 0.000302
0.012563 0.000302
0.012563 0.000302
0.012563 0.000302
0.012563 0.000302
0.012563 0.000302
0.012563 0.000302
0.012563 0.000302
0.012563 0.000302
0.012563 0.000302
0.012563 0.000302
0.012563 0.000302
0.012563 0.000302
0.012563 0.000302
0.012563 0.000302
0.012563 0.000302
0.012563 0.000302
0.012563 0.000302
0.012563 0.000302
0.012563 0.000302
0.012563 0.000302
0.012563 0.000302
0.012563 0.000302
0.012563 0.000302
0.012563 0.000302
0.012563 0.000302
0.012563 0.000302
0.012563 0.000302
0.012563 0.000302
0.012563 0.000302
0.012563 0.000302
0.012563 0.000302
0.012563 0.000302
0.012563 0.000302
0.012563 0.000302
0.012563 0.000302
0.012563 0.000302
0.012563 0.000302
0.012563 0.000302
0.012563 0.000302
0.012563 0.000302
0.012563 0.000302
0.012563 0.000302
0.012563 0.000302
0.012563 0.000302
0.012563 0.000302
0.012563 0.000302
0.012563 0.000302
0.012563 0.000302
0.012563 0.000302
0.012563 0.000302
0.012563 0.000302
0.012563 0.000302
0.012563 0.000302
0.012563 0.000302
0.012563 0.000302
0.012563 0.000302
0.012563 0.000302
0.012563 0.000302
0.012563 0.000302
0.012563 0.000302
0.012563 0.000302
0.012563 0.000302
0.012563 0.000302
0.012563 0.000302
0.012563 0.000302
0.012563 0.000302
0.012563 0.000302
0.012563 0.000302
0.012563 0.000302
0.012563 0.000302
0.012563 0.000302
0.012563 0.000302
0.012563 0.000302
0.012563 0.000302
0.012563 0.000302
0.012563 0.000302
0.012563 0.000302
0.012563 0.000302
0.012563 0.000302
0.012563 0.000302
0.012563 0.000302
0.012563 0.000302
0.012563 0.000302
0.012563 0.000302
0.012563 0.000302
0.012563 0.000302
0.012563 0.000302
0.012563 0.000302
0.012563 0.000302
0.012563 0.000302
0.012563 0.000302
0.012563 0.000302
0.012563 0.000302
0.012563 0.000302
0.012563 0.000302
0.012563 0.000302
0.012563 0.000302
0.012563 0.000302
0.012563 0.000302
0.012563 0.000302
0.012563 0.000302
0.012563 0.000302
0.012563 0.000302
0.012563 0.000302
0.012563 0.000302
0.012563 0.000302
0.012563 0.000302
0.012563 0.000302
0.012563 0.000302
0.012563 0.000302
0.012563 0.000302
0.012563 0.000302
0.012563 0.000302
0.012563 0.000302
0.012563 0.000302
0.012563 0.000302
0.012563 0.000302
0.012563 0.000302
0.012563 0.000302
0.012563 0.000302
0.012563 0.000302
0.012563 0.000302
0.012563 0.000302
0.012563 0.000302
0.012563 0.000302
0.012563 0.000302
0.012563 0.000302
0.012563 0.000302
0.012563 0.000302
0.012563 0.000302
0.012563 0.000302
0.012563 0.000302
0.012563 0.000302
0.012563 0.000302
0.012563 0.000302
0.012563 0.000302
0.012563 0.000302
0.012563 0.000302
0.012563 0.000302
0.012563 0.000302
0.012563 0.000302
0.012563 0.000302
0.012563 0.000302
0.012563 0.000302
