0.000000 0.000000
0.000000 0.000000
0.000000 0.000000
0.000000 0.000000
0.000000 0.000000
0.000000 0.000000
0.000000 0.000000
0.000000 0.000000
0.000000 0.000000
0.000000 0.000000
0.000502 0.000273
0.001507 0.000276
0.003015 0.000004
0.004522 0.000280
0.006533 0.000285
0.008544 0.000291
0.011560 0.000299
0.014071 0.000584
0.017588 0.000885
0.021601 0.001483
0.026120 0.001828
0.031133 0.002481
0.036636 0.003461
0.042153 0.003912
0.048160 0.004685
0.054163 0.005490
0.061165 0.006377
0.067677 0.006985
0.075191 0.007666
0.082703 0.008367
0.090732 0.008826
0.099765 0.009342
0.108279 0.010124
0.117794 0.010991
0.127306 0.011885
0.137338 0.012540
0.147369 0.013195
0.157922 0.013583
0.168993 0.013671
0.180580 0.013422
0.192656 0.013403
0.204239 0.012997
0.216807 0.013135
0.229390 0.012628
0.242467 0.012333
0.256046 0.011665
0.269118 0.011193
0.283693 0.010338
0.297255 0.009376
0.311814 0.008283
0.325849 0.006776
0.340385 0.005408
0.353868 0.003351
0.368371 0.001666
0.381806 -0.000684
0.396268 -0.002683
0.410182 -0.005063
0.424604 -0.007337
0.439007 -0.009729
0.453389 -0.012238
0.467830 -0.014246
0.481727 -0.016539
0.496150 -0.018665
0.510110 -0.020458
0.523531 -0.022492
0.536947 -0.024563
0.550438 -0.026059
0.563396 -0.027758
0.576354 -0.029458
0.589389 -0.030548
0.601895 -0.031811
0.614472 -0.032432
0.627054 -0.032951
0.639167 -0.033014
0.651802 -0.032683
0.663429 -0.032113
0.675535 -0.031715
0.687160 -0.030255
0.699257 -0.028278
0.710813 -0.026345
0.722304 -0.023586
0.734202 -0.020218
0.746004 -0.016527
0.757162 -0.012272
0.768632 -0.007314
0.779936 -0.001985
0.791059 0.003710
0.801015 0.009524
0.810776 0.015659
0.820710 0.022547
0.831113 0.030690
0.841512 0.039721
0.851509 0.049195
0.861376 0.059595
0.870153 0.070444
0.878745 0.081208
0.886483 0.092821
0.893849 0.103787
0.900346 0.115493
0.906881 0.127617
0.912758 0.139449
0.917578 0.151331
0.921800 0.162840
0.926157 0.175312
0.929427 0.187126
0.932745 0.199332
0.935087 0.210789
0.936958 0.222904
0.938887 0.234838
0.940317 0.247406
0.941462 0.258878
0.942232 0.270381
0.943329 0.281161
0.943881 0.293089
0.944973 0.303759
0.945531 0.315563
0.945801 0.327377
0.946185 0.339629
0.946302 0.351886
0.946152 0.364143
0.946340 0.376315
0.946330 0.388488
0.946484 0.401127
0.946717 0.413237
0.946817 0.425350
0.946786 0.437462
0.947231 0.449530
0.947610 0.461600
0.947585 0.473190
0.947801 0.485264
0.948224 0.496820
0.948341 0.508896
0.948342 0.519967
0.948609 0.531529
0.948844 0.543090
0.949047 0.554653
0.948898 0.565724
0.949613 0.577266
0.949754 0.588829
0.949830 0.599388
0.949908 0.610952
0.949927 0.621511
0.950231 0.632566
0.950221 0.643125
0.950205 0.654689
0.950137 0.665248
0.950041 0.675807
0.950209 0.685859
0.950685 0.696407
0.951167 0.705949
0.952270 0.715471
0.953172 0.725498
0.955218 0.733445
0.956870 0.742407
0.958954 0.751825
0.961757 0.761151
0.964974 0.769883
0.968155 0.779087
0.971883 0.788673
0.976020 0.797621
0.980581 0.807450
0.985555 0.816599
0.991193 0.826010
0.996681 0.834860
1.003289 0.844307
1.009748 0.853175
1.016933 0.862192
1.024952 0.870704
1.033245 0.879499
1.042849 0.888571
1.052296 0.896382
1.062607 0.904641
1.072659 0.911657
1.083531 0.918456
1.094138 0.924601
1.105112 0.930892
1.116732 0.936315
1.128009 0.941121
1.140241 0.946111
1.151872 0.949983
1.164470 0.953961
1.176955 0.956886
1.189263 0.959801
1.202252 0.962213
1.215001 0.963593
1.228493 0.965391
1.241109 0.966304
1.254699 0.967071
1.268308 0.967321
1.282331 0.967485
1.296350 0.967153
1.310791 0.966729
1.325211 0.965836
1.339593 0.964472
1.354401 0.963002
1.368123 0.961632
1.381807 0.959928
1.395945 0.958214
1.409037 0.956183
1.422097 0.954481
1.435640 0.952865
1.448643 0.950774
1.461128 0.948803
1.474109 0.946937
1.486591 0.945271
1.498532 0.943238
1.510507 0.941682
1.521944 0.939804
1.533897 0.938085
1.545372 0.936654
1.556311 0.934944
1.567307 0.933775
1.578304 0.932605
1.588768 0.931190
1.599293 0.930344
1.609290 0.929280
1.619347 0.928812
1.629349 0.927803
1.638408 0.927485
1.648469 0.927126
1.657005 0.926655
1.666067 0.926460
1.674607 0.926058
1.682668 0.926010
1.691732 0.925938
1.700310 0.926242
1.708857 0.926026
1.716917 0.926153
1.724976 0.926325
1.733010 0.925953
1.740554 0.925897
1.748589 0.925548
1.756108 0.924928
1.764112 0.923970
1.771107 0.923027
1.779100 0.921982
1.786514 0.920054
1.793959 0.918608
1.801862 0.916762
1.809673 0.914248
1.817443 0.911607
1.825618 0.908476
1.833732 0.905190
1.842648 0.900984
1.850897 0.896379
1.859584 0.891718
1.867982 0.886276
1.876789 0.880719
1.885603 0.873920
1.894402 0.867368
1.903090 0.859540
1.911746 0.851925
1.920159 0.843009
1.928202 0.833758
1.936457 0.824174
1.943983 0.813792
1.951050 0.803092
1.958046 0.792553
1.964218 0.781314
1.969752 0.770375
1.974957 0.758656
1.979648 0.746722
1.983744 0.735168
1.987413 0.722881
1.991063 0.710770
1.993720 0.698225
1.995853 0.686154
1.997446 0.673430
1.998484 0.660649
1.999063 0.648404
1.999022 0.635581
1.998424 0.622772
1.997270 0.610001
1.995562 0.597292
1.993519 0.585205
1.990748 0.572685
1.987435 0.560297
1.983587 0.548065
1.979211 0.536012
1.974641 0.524637
1.969611 0.513458
1.964490 0.502944
1.959567 0.492520
1.954106 0.482820
1.948669 0.472189
1.943744 0.462537
1.938318 0.452040
1.933499 0.442457
1.928634 0.432394
1.923605 0.422411
1.918862 0.412883
1.914442 0.403789
1.910029 0.394165
1.905995 0.384941
1.902012 0.375162
1.898917 0.366123
1.895847 0.357075
1.892908 0.347446
1.890587 0.337604
1.888819 0.328121
1.887004 0.317091
1.885813 0.308521
1.884758 0.297848
1.884490 0.287016
1.884854 0.275080
1.885780 0.262618
1.887111 0.250192
1.889453 0.237762
1.892184 0.224428
1.896036 0.211204
1.900459 0.198160
1.905776 0.184847
1.912060 0.171336
1.919224 0.158706
1.926831 0.145895
1.934635 0.133869
1.943425 0.121838
1.952451 0.111197
1.961900 0.100415
1.972325 0.089770
1.983288 0.080248
1.994729 0.070702
2.006622 0.061728
2.018880 0.053944
2.031065 0.046390
2.042356 0.040313
2.054605 0.034015
2.068084 0.028615
2.082023 0.023351
2.096552 0.019286
2.110959 0.015487
2.125252 0.012927
2.139390 0.010551
2.153865 0.009400
2.169309 0.008613
2.183825 0.008959
2.198711 0.009610
2.213547 0.010988
2.227311 0.013283
2.240882 0.015636
2.253338 0.018683
2.265649 0.022268
2.278301 0.026070
2.289783 0.030365
2.301610 0.034850
2.313333 0.039178
2.323911 0.043763
2.334991 0.047872
2.345528 0.051869
2.356532 0.055892
2.366604 0.059331
2.378169 0.062931
2.389134 0.066841
2.401170 0.070543
2.413323 0.073750
2.425468 0.076990
2.437748 0.079669
2.450595 0.082132
2.463876 0.084938
2.476872 0.086695
2.489886 0.088311
2.503903 0.089981
2.516949 0.091313
2.530999 0.092678
2.545155 0.093277
2.558781 0.093880
2.572484 0.093684
2.586181 0.093229
2.599386 0.092162
2.612566 0.090809
2.625216 0.088843
2.637814 0.086569
2.650353 0.083987
2.662305 0.080813
2.674217 0.077923
2.686534 0.074429
2.697837 0.071346
2.708538 0.067810
2.720252 0.064498
2.731361 0.060775
2.743064 0.057649
2.754294 0.054785
2.765064 0.052219
2.776372 0.049797
2.787786 0.047940
2.799311 0.046712
2.810845 0.045577
2.822930 0.044757
2.835103 0.044672
2.847807 0.045027
2.860503 0.045624
2.873185 0.046462
2.885848 0.047541
2.899011 0.049759
2.912109 0.052334
2.925070 0.056491
2.937863 0.061139
2.951383 0.066987
2.964080 0.073644
2.976455 0.080881
2.988883 0.089101
3.000893 0.097919
3.012458 0.107314
3.023880 0.117738
3.034444 0.128246
3.044481 0.139258
3.053709 0.150229
3.062055 0.162111
3.070374 0.174472
3.077485 0.187132
3.084522 0.200266
3.090326 0.213576
3.096010 0.227349
3.100449 0.241174
3.104721 0.255448
3.107732 0.268494
3.110137 0.281664
3.112357 0.296398
3.113357 0.310884
3.113981 0.326335
3.113481 0.340847
3.112070 0.355868
3.110455 0.370680
3.107941 0.384406
3.105000 0.397467
3.101721 0.409864
3.097906 0.422106
3.093866 0.433680
3.089678 0.444598
3.085077 0.455350
3.079474 0.465828
3.074014 0.476169
3.068356 0.485308
3.062125 0.495205
3.055789 0.503888
3.049260 0.512902
3.042750 0.520733
3.035968 0.528328
3.029930 0.535593
3.023695 0.542691
3.017271 0.549617
3.011642 0.555759
3.005400 0.562659
3.000010 0.568265
2.994009 0.574043
2.987884 0.579690
2.981572 0.586375
2.975716 0.592123
2.969190 0.598599
2.962504 0.605552
2.956259 0.612189
2.949876 0.619339
2.943366 0.627020
2.937357 0.634448
2.931737 0.642800
2.925077 0.651628
2.919984 0.660364
2.914399 0.669970
2.909457 0.679396
2.904611 0.689469
2.900443 0.699940
2.895979 0.710773
2.891722 0.721688
2.888207 0.732970
2.884428 0.744060
2.880906 0.755802
2.877204 0.768522
2.874269 0.780984
2.871072 0.793284
2.868582 0.805287
2.866355 0.817341
2.863932 0.829817
2.861616 0.841768
2.858914 0.853576
2.856483 0.865979
2.853923 0.877283
2.850736 0.889969
2.847313 0.901537
2.844042 0.913673
2.840216 0.925646
2.835773 0.937429
2.830652 0.948985
2.825375 0.960470
2.819369 0.971671
2.813612 0.982397
2.807118 0.992793
2.799368 1.003127
2.792347 1.013175
2.785013 1.021886
2.776474 1.031578
2.766616 1.040963
2.756407 1.049966
2.745331 1.058805
2.733969 1.066589
2.721084 1.074824
2.708512 1.081714
2.695070 1.088141
2.681330 1.093904
2.666749 1.099055
2.652499 1.103410
2.638894 1.106510
2.624867 1.109469
2.610140 1.111734
2.595657 1.112778
2.580777 1.113553
2.566826 1.113267
2.551942 1.112586
2.538085 1.110939
2.523339 1.108807
2.509243 1.106193
2.496283 1.102832
2.483493 1.098876
2.469402 1.094033
2.456095 1.088223
2.442561 1.081990
2.430343 1.075250
2.417632 1.067123
2.405776 1.058739
2.394539 1.050775
2.384247 1.042212
2.374700 1.033651
2.365263 1.025229
2.357053 1.016901
2.349454 1.008767
2.342148 1.000369
2.335143 0.991719
2.328335 0.983838
2.321744 0.975776
2.315590 0.968074
2.309042 0.960142
2.302862 0.952616
2.296062 0.944322
2.289195 0.936899
2.282410 0.929402
2.275131 0.921715
2.267339 0.913848
2.259755 0.906501
2.251617 0.899014
2.243479 0.891526
2.235106 0.885047
2.226505 0.878076
2.217290 0.871046
2.208019 0.864092
2.198113 0.857122
2.188132 0.850259
2.177496 0.843429
2.167144 0.836260
2.156363 0.829662
2.145493 0.823212
2.134536 0.816910
2.124079 0.810797
2.112972 0.804765
2.101536 0.798347
2.090030 0.792054
2.079302 0.786431
2.067399 0.779859
2.056884 0.773922
2.045750 0.768038
2.035155 0.762244
2.024254 0.755987
2.013652 0.749235
2.003926 0.742978
1.993950 0.736174
1.984600 0.729326
1.975050 0.721876
1.966170 0.714348
1.957155 0.706168
1.948863 0.697890
1.940730 0.689456
1.932554 0.680324
1.925164 0.671103
1.917825 0.661150
1.911183 0.650565
1.905030 0.640331
1.898943 0.628784
1.893268 0.617028
1.888651 0.605856
1.883878 0.594307
1.879956 0.581692
1.876027 0.569244
1.873101 0.555210
1.871298 0.541943
1.869751 0.527124
1.868930 0.512247
1.869301 0.497731
1.870420 0.483254
1.872285 0.468854
1.874890 0.454569
1.878230 0.440438
1.881676 0.426522
1.886380 0.412785
1.891785 0.399308
1.897539 0.386595
1.904270 0.373729
1.911052 0.361099
1.917799 0.350194
1.925013 0.339593
1.932682 0.329316
1.940340 0.319744
1.947921 0.310839
1.956309 0.301900
1.963597 0.294246
1.970606 0.286545
1.978339 0.279340
1.986813 0.272123
1.994497 0.265712
2.002370 0.259535
2.011018 0.252784
2.018784 0.246711
2.027329 0.240049
2.035485 0.233783
2.043887 0.227115
2.051857 0.220775
2.059929 0.214565
2.068373 0.207342
2.076894 0.200211
2.085493 0.193173
2.093748 0.185795
2.102044 0.178462
2.110530 0.170607
2.118467 0.162907
2.127125 0.154506
2.135211 0.146239
2.143419 0.137381
2.151579 0.128479
2.159690 0.119533
2.167885 0.109971
2.175874 0.100915
2.184059 0.090669
2.192018 0.080910
2.199896 0.071087
2.207695 0.061199
2.215412 0.051248
2.223048 0.041235
2.231164 0.030976
2.238663 0.020860
2.246551 0.011074
2.254411 0.001266
2.262246 -0.008563
2.270053 -0.018414
2.277194 -0.027510
2.284779 -0.036239
2.292475 -0.045529
2.301194 -0.054616
2.309429 -0.063448
2.318170 -0.071833
2.327108 -0.080704
2.335332 -0.088176
2.344319 -0.096296
2.353267 -0.103743
2.362315 -0.111067
2.371315 -0.117695
2.380422 -0.124176
2.389064 -0.130388
2.397615 -0.135920
2.406255 -0.141312
2.414409 -0.146467
2.422632 -0.151510
2.430714 -0.155893
2.438291 -0.160071
2.445923 -0.164146
2.453611 -0.168117
2.461352 -0.171983
2.468319 -0.175169
2.475005 -0.178748
2.481463 -0.181749
2.487952 -0.184679
2.494473 -0.187539
2.500447 -0.190309
2.505866 -0.193015
2.511299 -0.195691
2.516462 -0.197831
2.522217 -0.200938
2.526826 -0.203016
2.531160 -0.205562
2.536072 -0.208115
2.540121 -0.210150
2.544469 -0.212673
2.548524 -0.214697
2.552878 -0.217208
2.556655 -0.219714
2.560424 -0.222229
2.564765 -0.224764
2.568238 -0.226791
2.572579 -0.229326
2.576629 -0.232351
2.580956 -0.234909
2.584990 -0.237957
2.588725 -0.240524
2.593313 -0.243621
2.597035 -0.246208
2.601027 -0.249311
2.605002 -0.252435
2.609539 -0.255607
2.612910 -0.258731
2.616834 -0.261920
2.621002 -0.265643
2.625460 -0.268926
2.629587 -0.272694
2.633683 -0.276497
2.636348 -0.279698
2.640371 -0.283578
2.644940 -0.287553
2.648910 -0.291487
2.653075 -0.295983
2.657545 -0.300070
2.660844 -0.304015
2.664885 -0.308623
2.668669 -0.312736
2.673196 -0.317518
2.677111 -0.322234
2.680782 -0.326448
2.684607 -0.331237
2.688379 -0.336068
2.692489 -0.340516
2.696183 -0.345407
2.700388 -0.350475
2.703825 -0.354882
2.707947 -0.360017
2.712027 -0.365186
2.716065 -0.370388
2.720475 -0.375218
2.725017 -0.380621
2.729946 -0.385643
2.735018 -0.391228
2.740494 -0.396419
2.745983 -0.401595
2.752048 -0.406904
2.758142 -0.412181
2.764264 -0.417425
2.770414 -0.422635
2.777158 -0.427946
2.783945 -0.433201
2.790037 -0.437719
2.796909 -0.442863
2.802505 -0.447163
2.808877 -0.452101
2.814520 -0.456341
2.820944 -0.461209
2.827203 -0.465492
2.832925 -0.469623
2.839242 -0.473821
2.845020 -0.477874
2.851026 -0.482440
2.856265 -0.486355
2.862087 -0.490345
2.867144 -0.493678
2.873224 -0.498145
2.879099 -0.502056
2.884996 -0.505935
2.890914 -0.509781
2.896501 -0.514059
2.902440 -0.517874
2.908627 -0.522192
2.914021 -0.525890
2.920232 -0.530174
2.925877 -0.534376
2.931867 -0.538109
2.938344 -0.542876
2.944012 -0.547047
2.950835 -0.551339
2.956759 -0.556011
2.963016 -0.560227
2.968940 -0.564899
2.974619 -0.569055
2.980531 -0.573743
2.987008 -0.578510
2.993715 -0.583812
3.000759 -0.588658
3.007236 -0.593425
3.014523 -0.598787
3.021001 -0.603554
3.027478 -0.608321
3.034765 -0.613684
3.040664 -0.618388
3.048517 -0.623830
3.055574 -0.628657
3.062643 -0.633464
3.070306 -0.638307
3.078575 -0.643154
3.086302 -0.647892
3.094967 -0.652132
3.103946 -0.656782
3.112712 -0.660809
3.122112 -0.664727
3.131576 -0.668491
3.141099 -0.672100
3.151841 -0.675508
3.162342 -0.678181
3.172905 -0.680595
3.183861 -0.683237
3.195098 -0.685080
3.206586 -0.686049
3.219048 -0.686977
3.230971 -0.687638
3.243057 -0.687354
3.255124 -0.686644
3.267599 -0.685910
3.279591 -0.684382
3.292050 -0.682196
3.303897 -0.679794
3.316671 -0.676424
3.328800 -0.672834
3.341269 -0.668469
3.353078 -0.663935
3.364706 -0.658956
3.375689 -0.653905
3.386051 -0.648851
3.397650 -0.642865
3.408866 -0.635883
3.420366 -0.628602
3.430997 -0.620759
3.441299 -0.612490
3.451514 -0.604363
3.461435 -0.595880
3.471051 -0.587053
3.480349 -0.577891
3.489646 -0.568923
3.498670 -0.559681
3.507414 -0.550174
3.516238 -0.540899
3.524833 -0.531411
3.532991 -0.522262
3.541138 -0.512387
3.549269 -0.503327
3.557422 -0.493578
3.565228 -0.484236
3.573032 -0.474205
3.580503 -0.464594
3.588390 -0.454716
3.596142 -0.444733
3.603188 -0.434806
3.610527 -0.425170
3.617090 -0.416204
3.624218 -0.406411
3.631045 -0.397694
3.637825 -0.388941
3.644557 -0.380151
3.650687 -0.371519
3.657383 -0.362060
3.663450 -0.352750
3.669892 -0.343746
3.676355 -0.334125
3.682674 -0.325034
3.688399 -0.316128
3.694533 -0.307533
3.700161 -0.298566
3.705662 -0.290134
3.711117 -0.281672
3.716573 -0.272599
3.721867 -0.264646
3.727224 -0.255514
3.731940 -0.247169
3.737116 -0.238533
3.741717 -0.230125
3.746272 -0.221097
3.750729 -0.212021
3.754559 -0.203752
3.758301 -0.194861
3.761402 -0.185630
3.764852 -0.176621
3.767651 -0.167294
3.770310 -0.158493
3.772777 -0.149073
3.774519 -0.139370
3.776498 -0.129277
3.777790 -0.119503
3.779301 -0.109329
3.779899 -0.098375
3.780308 -0.087969
3.780435 -0.077556
3.780109 -0.066590
3.779824 -0.056736
3.778904 -0.045804
3.777917 -0.036971
3.776857 -0.027169
3.775558 -0.017397
3.773516 -0.006618
3.771152 0.004095
3.768469 0.014733
3.765171 0.024774
3.761511 0.035707
3.757497 0.046514
3.752885 0.056645
3.748146 0.067155
3.743237 0.076514
3.738217 0.086269
3.733311 0.095455
3.727583 0.104337
3.721710 0.113603
3.715439 0.122110
3.708894 0.130408
3.702630 0.138727
3.696072 0.146286
3.689344 0.154235
3.682366 0.161408
3.675196 0.168960
3.667820 0.175723
3.660230 0.182854
3.652481 0.189185
3.643968 0.196105
3.635854 0.201962
3.627485 0.208160
3.619050 0.213545
3.611009 0.218503
3.602149 0.223975
3.594967 0.228197
3.586572 0.232530
3.578454 0.237079
3.569290 0.241098
3.560580 0.244757
3.550982 0.248796
3.541512 0.252031
3.531949 0.254980
3.522614 0.258151
3.513483 0.260572
3.504866 0.262751
3.495317 0.265202
3.487180 0.266990
3.478431 0.268556
3.469883 0.270447
3.462220 0.271768
3.453962 0.272865
3.446251 0.273872
3.437955 0.274631
3.429828 0.275768
3.422637 0.276453
3.414649 0.277886
3.407043 0.278802
3.399585 0.280178
3.391713 0.281914
3.383994 0.284173
3.376275 0.286431
3.368557 0.288689
3.360610 0.291935
3.352121 0.295113
3.343448 0.299336
3.334833 0.303676
3.325330 0.308467
3.315529 0.313842
3.305235 0.319277
3.294321 0.325790
3.282946 0.332429
3.271943 0.339807
3.260511 0.347365
3.248326 0.355589
3.236894 0.364081
3.225367 0.373333
3.213204 0.383376
3.202143 0.393180
3.191084 0.403786
3.180318 0.414688
3.171251 0.425220
3.160529 0.436788
3.150686 0.448531
3.141165 0.460536
3.130800 0.473027
3.120709 0.485740
3.110313 0.498805
3.100168 0.512066
3.089699 0.525672
3.079453 0.539447
3.068284 0.553726
3.057845 0.567952
3.047028 0.582500
3.035874 0.596759
3.024158 0.611855
3.012525 0.627014
3.000405 0.642424
2.988267 0.658463
2.976274 0.673972
2.963755 0.689705
2.951235 0.705438
2.938147 0.721359
2.923874 0.737611
2.909468 0.753745
2.894932 0.769762
2.880265 0.785659
2.865470 0.801436
2.850546 0.817093
2.836654 0.832318
2.822720 0.847505
2.809324 0.862499
2.794189 0.877951
2.778928 0.893279
2.763650 0.907888
2.748100 0.922923
2.732429 0.937831
2.716759 0.952020
2.700807 0.966627
2.684736 0.981104
2.668548 0.995449
2.652387 1.009076
2.635929 1.023111
2.619950 1.036918
2.603896 1.050639
2.587174 1.064358
2.570341 1.077941
2.553398 1.091386
2.536345 1.104692
2.519185 1.117859
2.501918 1.130885
2.485739 1.143654
2.469525 1.156378
2.452680 1.169115
2.435364 1.181240
2.417715 1.193745
2.399965 1.206105
2.382115 1.218320
2.364167 1.230390
2.346120 1.242313
2.327976 1.254088
2.309738 1.265715
2.290805 1.277199
2.272588 1.287923
2.254010 1.299000
2.235942 1.309933
2.217815 1.320768
2.199883 1.330959
2.181955 1.342107
2.164881 1.352724
2.147806 1.363341
2.130732 1.373959
2.114257 1.384586
2.099009 1.395266
2.083005 1.406616
2.068531 1.417532
2.054178 1.428605
2.039120 1.440407
2.024412 1.451819
2.009200 1.463383
1.994865 1.474439
1.980974 1.486087
1.967008 1.498444
1.953406 1.510428
1.940531 1.522494
1.927226 1.534807
1.914649 1.547184
1.902242 1.559731
1.890006 1.572444
1.877944 1.585323
1.866058 1.598365
1.854937 1.611443
1.843446 1.624834
1.833301 1.638095
1.822831 1.651701
1.813066 1.665894
1.803122 1.679888
1.793976 1.693857
1.785035 1.708583
1.777026 1.722701
1.768770 1.737213
1.761318 1.752233
1.754245 1.766842
1.748030 1.781339
1.741639 1.796259
1.735524 1.810139
1.730154 1.823824
1.725514 1.836718
1.721069 1.849116
1.716271 1.861321
1.711984 1.872089
1.707784 1.882891
1.703062 1.892890
1.698827 1.902563
1.694074 1.911992
1.689191 1.920240
1.683797 1.929351
1.678252 1.937244
1.672630 1.945648
1.666894 1.953404
1.661052 1.961081
1.655609 1.967807
1.649566 1.974736
1.643411 1.981564
1.636626 1.988549
1.630233 1.995157
1.623734 2.001659
1.617186 2.007470
1.610461 2.013738
1.603713 2.019314
1.596859 2.024761
1.590449 2.029884
1.583407 2.035085
1.576820 2.039978
1.570153 2.044763
1.563966 2.049282
1.557574 2.054282
1.551278 2.058647
1.545085 2.062365
1.538661 2.066540
1.532182 2.070628
1.525080 2.074739
1.518675 2.078080
1.512014 2.081865
1.505302 2.085558
1.499113 2.089079
1.493108 2.091993
1.486835 2.095361
1.481907 2.097999
1.476146 2.101188
1.470934 2.104273
1.465950 2.106803
1.460946 2.109292
1.456245 2.112214
1.451789 2.114603
1.446745 2.117010
1.441419 2.119894
1.436343 2.122233
1.429824 2.125097
1.423852 2.127871
1.418714 2.130071
1.412119 2.132757
1.406074 2.135369
1.400301 2.137428
1.393052 2.139905
1.385769 2.142282
1.378454 2.144561
1.370532 2.146702
1.362908 2.148230
1.354340 2.150028
1.345740 2.151663
1.336330 2.152493
1.326525 2.153522
1.316698 2.154312
1.306292 2.154725
1.295733 2.154275
1.284769 2.153893
1.273276 2.152993
1.261732 2.151120
1.249741 2.148575
1.237380 2.145891
1.226133 2.142686
1.214520 2.138760
1.203077 2.134364
1.191823 2.129506
1.179868 2.123478
1.168085 2.117504
1.157119 2.110858
1.146452 2.103741
1.136105 2.096167
1.125731 2.087703
1.116104 2.079233
1.106586 2.070901
1.097680 2.061675
1.089183 2.052071
1.080851 2.041592
1.072413 2.030706
1.065053 2.019522
1.058216 2.008011
1.052082 1.996750
1.046304 1.984673
1.041090 1.972341
1.036538 1.960354
1.031890 1.947388
1.028395 1.935051
1.025456 1.923150
1.023003 1.911139
1.021042 1.899039
1.019575 1.886868
1.018530 1.875221
1.017929 1.863542
1.017772 1.851849
1.018059 1.840158
1.018633 1.829042
1.019599 1.817953
1.021351 1.807348
1.023344 1.795824
1.025302 1.785439
1.027347 1.775643
1.029949 1.765399
1.032047 1.756762
1.035229 1.746684
1.038120 1.737691
1.041575 1.728299
1.044643 1.719957
1.047914 1.711693
1.051155 1.702970
1.054584 1.694319
1.057989 1.685196
1.060982 1.676026
1.063901 1.666345
1.066338 1.656576
1.068432 1.645718
1.069728 1.634201
1.070544 1.623119
1.071179 1.610496
1.071642 1.597864
1.071694 1.584694
1.071171 1.571996
1.070232 1.557785
1.068919 1.544602
1.067075 1.529937
1.064554 1.515826
1.062263 1.500764
1.059020 1.485788
1.055995 1.470856
1.052567 1.454991
1.049060 1.438667
1.045360 1.423412
1.041481 1.406688
1.037330 1.390029
1.033140 1.372889
1.028541 1.354817
1.024330 1.336683
1.020191 1.318028
1.015952 1.299396
1.011829 1.280229
1.007438 1.261632
1.002737 1.242075
0.998784 1.221847
0.995108 1.201051
0.991544 1.180236
0.988324 1.158847
0.985278 1.137433
0.982407 1.115995
0.979710 1.094534
0.977440 1.072507
0.975152 1.050999
0.973039 1.029473
0.971759 1.007854
0.970115 0.986287
0.969027 0.965176
0.967794 0.943581
0.966823 0.922979
0.965942 0.901368
0.965307 0.880753
0.964481 0.859650
0.963472 0.839064
0.961640 0.820044
0.960062 0.801511
0.957235 0.784093
0.953639 0.767789
0.950107 0.752012
0.945938 0.735845
0.941001 0.720864
0.935886 0.706997
0.930024 0.692840
0.923423 0.679989
0.916406 0.667361
0.909290 0.655924
0.901348 0.644366
0.892909 0.633687
0.884623 0.623067
0.875451 0.613010
0.865904 0.603308
0.856508 0.594247
0.846816 0.586119
0.836249 0.577539
0.825428 0.569962
0.814683 0.561838
0.803335 0.555074
0.791721 0.548779
0.779860 0.542961
0.767772 0.537632
0.755477 0.532800
0.742995 0.528473
