0.000000 0.000000
0.000000 0.000000
0.000000 0.000000
0.000000 0.000000
0.000000 0.000000
0.000000 0.000000
0.000000 0.000000
0.000000 0.000000
0.000000 0.000000
0.000000 0.000000
0.000000 0.000000
0.000000 0.000000
0.000000 0.000000
0.000502 0.000273
0.002513 0.000279
0.004523 0.000284
0.006534 0.000289
0.009047 0.000018
0.012063 0.000018
0.015581 -0.000264
0.018597 -0.000272
0.022114 -0.000563
0.025630 -0.000863
0.029145 -0.001173
0.032660 -0.001492
0.036174 -0.001821
0.039686 -0.002160
0.043707 -0.002236
0.047219 -0.002585
0.050730 -0.002942
0.054750 -0.003040
0.058260 -0.003408
0.062261 -0.004082
0.066773 -0.004513
0.070768 -0.005220
0.074760 -0.005948
0.079265 -0.006441
0.083251 -0.007202
0.087233 -0.007985
0.091731 -0.008538
0.096186 -0.009671
0.100678 -0.010273
0.104644 -0.011132
0.108605 -0.012011
0.113563 -0.013003
0.117514 -0.013926
0.121990 -0.014638
0.126402 -0.015927
0.130870 -0.016688
0.134803 -0.017685
0.139264 -0.018483
0.143651 -0.019855
0.148565 -0.021048
0.152475 -0.022131
0.156918 -0.023025
0.161274 -0.024492
0.165707 -0.025435
0.170047 -0.026950
0.174919 -0.028302
0.178792 -0.029512
0.183649 -0.030916
0.187065 -0.031802
0.191024 -0.032509
0.194437 -0.033404
0.198837 -0.034490
0.202792 -0.035218
0.206747 -0.035946
0.211247 -0.036485
0.216738 -0.037189
0.221783 -0.037510
0.226831 -0.037803
0.232872 -0.038230
0.238998 -0.038053
0.245583 -0.038166
0.252237 -0.037651
0.259882 -0.037160
0.267045 -0.036225
0.275194 -0.035255
0.282808 -0.034411
0.290943 -0.032611
0.298523 -0.031499
0.308093 -0.029132
0.317602 -0.026531
0.328008 -0.023058
0.338307 -0.019276
0.348487 -0.015187
0.358885 -0.009836
0.369199 -0.004683
0.380175 0.001603
0.390503 0.007885
0.400411 0.015104
0.410600 0.022599
0.420847 0.030938
0.430151 0.039762
0.439659 0.048933
0.448474 0.059011
0.457150 0.068973
0.465654 0.079807
0.473083 0.090946
0.480583 0.102498
0.487574 0.114365
0.493458 0.126391
0.499358 0.138836
0.504712 0.151526
0.508879 0.163653
0.512420 0.174799
0.516073 0.186322
0.518798 0.198852
0.521496 0.211784
0.523709 0.224239
0.525942 0.237099
0.528205 0.250378
0.530035 0.263722
0.532011 0.276924
0.534083 0.290557
0.536413 0.304062
0.538928 0.318006
0.542253 0.332222
0.545299 0.347030
0.548787 0.361711
0.552800 0.376247
0.557248 0.391183
0.561738 0.406107
0.566870 0.420843
0.571965 0.436109
0.577745 0.451159
0.583995 0.467103
0.591019 0.482768
0.597699 0.498536
0.605022 0.514590
0.612678 0.529956
0.620477 0.545785
0.628588 0.560915
0.636857 0.576503
0.645336 0.591978
0.654526 0.607651
0.663588 0.621674
0.672866 0.636119
0.682290 0.651605
0.690800 0.667005
0.699352 0.682382
0.706910 0.697150
0.714381 0.712531
0.721201 0.728239
0.727340 0.743708
0.733269 0.759260
0.738487 0.774562
0.742872 0.790189
0.746434 0.805555
0.749147 0.820635
0.751450 0.835784
0.753041 0.850029
0.753643 0.864464
0.754139 0.877803
0.753668 0.891265
0.752368 0.904253
0.750985 0.917651
0.748806 0.930522
0.746174 0.943307
0.743092 0.955991
0.739260 0.968046
0.735579 0.979988
0.730905 0.991742
0.726497 1.002395
0.721744 1.012899
0.715496 1.024539
0.709184 1.035500
0.701455 1.046432
0.694243 1.056824
0.686074 1.066709
0.678040 1.076479
0.670051 1.085019
0.661742 1.093249
0.653149 1.101751
0.644260 1.109350
0.635088 1.116605
0.626176 1.123273
0.617033 1.129622
0.607672 1.135645
0.598104 1.141333
0.589450 1.146358
0.579949 1.151843
0.571172 1.155774
0.561914 1.160543
0.553292 1.164402
0.544567 1.168026
0.536320 1.171341
0.527995 1.174453
0.519596 1.177361
0.511128 1.180063
0.503174 1.182539
0.495745 1.184835
0.487983 1.187498
0.480477 1.189530
0.473510 1.191440
0.466514 1.193236
0.460320 1.195473
0.453281 1.197097
0.446792 1.198657
0.440856 1.200183
0.434904 1.201645
0.429510 1.203107
0.424103 1.204524
0.419258 1.205968
0.414405 1.207386
0.409186 1.209233
0.404894 1.210687
0.400597 1.212129
0.396297 1.213559
0.391993 1.214977
0.387684 1.216384
0.383944 1.217860
0.379268 1.219704
0.375164 1.221627
0.370493 1.223484
0.366395 1.225419
0.361369 1.227741
0.356571 1.230606
0.351219 1.233442
0.346460 1.236372
0.341147 1.239280
0.336089 1.242741
0.330156 1.246678
0.325175 1.250248
0.319329 1.254314
0.313845 1.257959
0.308077 1.262135
0.302355 1.266374
0.296680 1.270674
0.291051 1.275036
0.284597 1.279955
0.278481 1.284440
0.272104 1.288472
0.265455 1.293028
0.258246 1.297625
0.251332 1.301732
0.243835 1.305842
0.236909 1.309930
0.229106 1.313508
0.221274 1.317022
0.213713 1.319970
0.204962 1.322788
0.196431 1.325992
0.187353 1.328035
0.178475 1.330422
0.168751 1.332048
0.158635 1.333907
0.148847 1.335082
0.138466 1.335905
0.128066 1.336445
0.117655 1.336702
0.107242 1.336677
0.096282 1.336191
0.086871 1.335368
0.076496 1.334466
0.066685 1.333503
0.056900 1.332301
0.047102 1.330266
0.036366 1.328008
0.025702 1.325430
0.015629 1.322231
0.004661 1.318679
-0.005182 1.314830
-0.015430 1.310915
-0.024559 1.306815
-0.034555 1.302295
-0.043855 1.297274
-0.053549 1.292139
-0.062518 1.286547
-0.071299 1.280667
-0.080462 1.274634
-0.089072 1.268775
-0.097291 1.262132
-0.105536 1.255770
-0.113273 1.249660
-0.120858 1.243363
-0.128595 1.236392
-0.136435 1.229735
-0.144413 1.222403
-0.151937 1.215390
-0.159568 1.207698
-0.166509 1.200868
-0.174149 1.193339
-0.181411 1.186200
-0.188781 1.178406
-0.196371 1.170946
-0.203067 1.164002
-0.210250 1.156885
-0.217552 1.149142
-0.223788 1.142497
-0.231293 1.135030
-0.238160 1.127607
-0.244945 1.120110
-0.252392 1.111863
-0.259013 1.104221
-0.266123 1.096376
-0.272597 1.088609
-0.279702 1.080066
-0.286006 1.072159
-0.292791 1.064032
-0.299509 1.055849
-0.305596 1.047775
-0.311594 1.039635
-0.318065 1.031255
-0.323908 1.023003
-0.330318 1.013926
-0.335980 1.005549
-0.341084 0.996735
-0.346517 0.988207
-0.351380 0.979258
-0.356035 0.970810
-0.360629 0.961720
-0.365030 0.953136
-0.368783 0.944743
-0.372399 0.936291
-0.375892 0.927201
-0.379211 0.918046
-0.381844 0.909121
-0.384283 0.900141
-0.387024 0.890797
-0.389049 0.881149
-0.390897 0.872029
-0.392474 0.862297
-0.393813 0.852530
-0.394808 0.842164
-0.395073 0.832160
-0.395745 0.822879
-0.395921 0.812467
-0.396296 0.803721
-0.395757 0.794289
-0.395545 0.784986
-0.394932 0.775147
-0.393704 0.765780
-0.392585 0.755985
-0.391226 0.746221
-0.389289 0.736975
-0.387957 0.728322
-0.385871 0.719683
-0.383859 0.711598
-0.381965 0.703051
-0.379928 0.695547
-0.377748 0.688082
-0.375692 0.680138
-0.373250 0.672756
-0.371249 0.665360
-0.368568 0.658061
-0.365977 0.650275
-0.363397 0.643528
-0.360708 0.636824
-0.358112 0.629616
-0.355223 0.622995
-0.352796 0.616301
-0.349729 0.609761
-0.347120 0.603135
-0.344276 0.597097
-0.341349 0.591099
-0.338080 0.584170
-0.334992 0.578253
-0.331402 0.571985
-0.327835 0.565205
-0.324492 0.559428
-0.320634 0.553321
-0.316776 0.546702
-0.312736 0.540714
-0.308682 0.534213
-0.304465 0.528348
-0.299751 0.521631
-0.294928 0.514992
-0.289952 0.509017
-0.284411 0.502239
-0.278743 0.495568
-0.273446 0.489300
-0.268045 0.483706
-0.262531 0.477629
-0.256405 0.471375
-0.250679 0.465497
-0.243855 0.459802
-0.237367 0.453925
-0.230235 0.447948
-0.222975 0.442128
-0.215590 0.436466
-0.208188 0.431546
-0.200550 0.426231
-0.193353 0.421248
-0.184945 0.416099
-0.176977 0.411294
-0.169074 0.407227
-0.160892 0.402794
-0.152616 0.398541
-0.144249 0.394468
-0.136586 0.391200
-0.128050 0.387495
-0.120252 0.384564
-0.112140 0.381271
-0.104545 0.378165
-0.096592 0.375683
-0.088884 0.372867
-0.081420 0.370688
-0.074196 0.368138
-0.066664 0.366203
-0.059361 0.363890
-0.052346 0.362165
-0.044976 0.360071
-0.037913 0.358557
-0.030485 0.356684
-0.022807 0.355452
-0.015321 0.353823
-0.008026 0.351751
-0.000506 0.350284
0.006260 0.348277
0.013609 0.346403
0.020202 0.343942
0.027367 0.341579
0.033394 0.339039
0.040355 0.336129
0.046733 0.333107
0.052519 0.329963
0.059213 0.326397
0.065299 0.322701
0.071923 0.319009
0.076777 0.315075
0.083062 0.310693
0.089541 0.306752
0.095145 0.302194
0.101258 0.297576
0.107308 0.292876
0.112709 0.288079
0.118615 0.283200
0.123871 0.278244
0.129629 0.273190
0.134734 0.268079
0.140075 0.263371
0.145623 0.258087
