0.000000 0.000000
0.000000 0.000000
0.000000 0.000000
0.000000 0.000000
0.000000 0.000000
0.000000 0.000000
0.000000 0.000000
0.000000 0.000000
0.000000 0.000000
0.000000 0.000000
0.000000 0.000000
0.001002 -0.000549
0.002008 -0.000554
0.004018 -0.000565
0.005527 -0.000298
0.008039 -0.000583
0.010049 -0.000594
0.013065 -0.000610
0.016081 -0.000067
0.019097 -0.000067
0.023620 0.000217
0.027637 0.000793
0.032656 0.001405
0.037671 0.002044
0.044181 0.003036
0.050704 0.003503
0.057718 0.004295
0.065242 0.004853
0.072764 0.005432
0.080800 0.005759
0.089325 0.006402
0.098365 0.006795
0.107404 0.007188
0.117448 0.007625
0.127491 0.008062
0.137535 0.008499
0.149071 0.009304
0.159601 0.010092
0.171162 0.010354
0.183213 0.010911
0.195264 0.011468
0.207830 0.011743
0.220397 0.011983
0.233477 0.011902
0.246557 0.011749
0.259635 0.011526
0.273717 0.011250
0.287797 0.010898
0.300870 0.010461
0.314946 0.009956
0.329019 0.009374
0.343586 0.008401
0.357140 0.007328
0.371197 0.006440
0.385740 0.005150
0.399783 0.004072
0.414307 0.002585
0.427814 0.001034
0.441831 -0.000350
0.455267 -0.002699
0.469254 -0.004349
0.482174 -0.006601
0.495662 -0.008124
0.509084 -0.010297
0.522022 -0.012220
0.534950 -0.014213
0.547403 -0.015913
0.560314 -0.018012
0.572754 -0.019814
0.585725 -0.021408
0.598697 -0.023002
0.610670 -0.024473
0.623248 -0.025094
0.635299 -0.025863
0.647884 -0.026313
0.659996 -0.026311
0.672108 -0.026177
0.684250 -0.025303
0.696376 -0.024232
0.707985 -0.022644
0.720060 -0.020536
0.731573 -0.017872
0.743017 -0.014926
0.754385 -0.011702
0.766061 -0.007247
0.777135 -0.002780
0.788509 0.002395
0.799148 0.008136
0.810555 0.014482
0.821546 0.021810
0.832602 0.030025
0.842938 0.038252
0.852595 0.046422
0.862252 0.055437
0.872119 0.065837
0.880628 0.076173
0.889494 0.087439
0.897448 0.099588
0.905171 0.111666
0.911738 0.123978
0.918279 0.136735
0.923647 0.149615
0.928379 0.162742
0.932905 0.175154
0.936374 0.187499
0.939840 0.200247
0.942268 0.212262
0.944205 0.224367
0.945700 0.235965
0.946678 0.248184
0.947727 0.260227
0.947892 0.271921
0.948056 0.284008
0.947950 0.295537
0.947885 0.307478
0.947464 0.319411
0.947092 0.330240
0.946623 0.342048
0.946318 0.352769
0.946040 0.362950
0.945471 0.374652
0.944932 0.385817
0.944555 0.397452
0.944020 0.409080
0.943327 0.420700
0.943082 0.432287
0.942459 0.444384
0.942280 0.455454
0.941751 0.467032
0.941129 0.478605
0.941018 0.490168
0.940577 0.502236
0.940372 0.513799
0.940136 0.525361
0.939868 0.536922
0.939872 0.547980
0.939876 0.559039
0.939576 0.570599
0.939852 0.581155
0.939555 0.591710
0.939830 0.602265
0.939834 0.613324
0.940435 0.623374
0.940797 0.633927
0.941187 0.644479
0.941605 0.655030
0.942036 0.664574
0.943112 0.675107
0.943959 0.685139
0.945140 0.694651
0.946721 0.704638
0.948676 0.714084
0.951017 0.722975
0.953003 0.732890
0.955932 0.742177
0.958681 0.750950
0.962304 0.760576
0.965759 0.769680
0.969969 0.778595
0.974211 0.787964
0.979235 0.797086
0.984925 0.806466
0.990892 0.815672
0.997250 0.824115
1.004238 0.833285
1.011599 0.841633
1.019675 0.850629
1.028626 0.858443
1.037892 0.867054
1.047466 0.874710
1.057872 0.882203
1.068056 0.889027
1.078596 0.896019
1.089057 0.900849
1.100710 0.907074
1.111880 0.912123
1.124000 0.917378
1.135544 0.921502
1.147822 0.925201
1.159672 0.928338
1.172494 0.931522
1.185434 0.934180
1.198788 0.936817
1.211655 0.939011
1.225516 0.941148
1.238871 0.942900
1.253223 0.944554
1.267227 0.945288
1.281099 0.946127
1.294989 0.946550
1.309193 0.947579
1.322980 0.947893
1.336770 0.947870
1.350018 0.947739
1.363722 0.947692
1.376892 0.947633
1.389532 0.947611
1.402170 0.947417
1.414804 0.947052
1.426914 0.946787
1.439020 0.946389
1.450607 0.946141
1.462192 0.945797
1.473773 0.945359
1.484842 0.945117
1.496407 0.945128
1.506966 0.945085
1.517525 0.945014
1.528084 0.944915
1.538142 0.944481
1.547694 0.944287
1.557246 0.944067
1.566797 0.943821
1.576348 0.943550
1.585396 0.943550
1.594945 0.943252
1.603993 0.943227
1.613041 0.943203
1.622089 0.943178
1.630634 0.943450
1.640183 0.943748
1.649231 0.943772
1.658274 0.944389
1.666816 0.944754
1.676362 0.945155
1.684909 0.944976
1.692951 0.945064
1.701498 0.944862
1.709039 0.944631
1.716577 0.943796
1.724615 0.943187
1.732123 0.941664
1.739611 0.940041
1.747594 0.938584
1.755519 0.936454
1.762879 0.933945
1.770724 0.931537
1.778989 0.928652
1.787198 0.925610
1.795243 0.921832
1.803748 0.918056
1.812034 0.913519
1.820194 0.908759
1.829019 0.902944
1.837266 0.897276
1.846292 0.891039
1.854543 0.884435
1.862574 0.877565
1.870702 0.869960
1.878556 0.862072
1.886414 0.853411
1.894532 0.844454
1.901981 0.834719
1.909028 0.824688
1.915860 0.813837
1.922215 0.802699
1.927927 0.791853
1.933769 0.780634
1.938718 0.768804
1.943064 0.757342
1.946939 0.745712
1.950375 0.733358
1.953258 0.721443
1.955642 0.708844
1.957513 0.696729
1.958829 0.683974
1.959673 0.671744
1.959911 0.658923
1.959592 0.646104
1.958872 0.633867
1.957655 0.621669
1.955941 0.609531
1.954554 0.598086
1.952193 0.586632
1.950253 0.575835
1.947724 0.564586
1.945114 0.553931
1.942787 0.543348
1.940497 0.532313
1.938284 0.521818
1.936148 0.510846
1.933834 0.499911
1.931944 0.488961
1.929934 0.478032
1.928152 0.467596
1.926285 0.457175
1.924685 0.447235
1.922677 0.436840
1.920942 0.426923
1.919278 0.418013
1.917435 0.408115
1.915901 0.398685
1.914703 0.389717
1.913734 0.380212
1.912790 0.370704
1.911641 0.361730
1.911080 0.352683
1.910920 0.344101
1.910829 0.335517
1.910809 0.326933
1.911196 0.318827
1.911595 0.309723
1.912420 0.301110
1.913634 0.291997
1.915589 0.282899
1.917148 0.273839
1.919752 0.264331
1.922271 0.255373
1.925312 0.245995
1.928242 0.237163
1.932063 0.227476
1.935782 0.218346
1.940854 0.207992
1.946261 0.197809
1.952406 0.187399
1.959340 0.176820
1.966672 0.166512
1.974954 0.156722
1.983100 0.147046
1.992152 0.137963
2.001059 0.128981
2.011319 0.119793
2.021432 0.111909
2.032451 0.103646
2.043819 0.095870
2.055420 0.089186
2.067439 0.082459
2.079591 0.076842
2.091595 0.071324
2.104190 0.066783
2.116406 0.062884
2.129603 0.058943
2.142111 0.056120
2.154731 0.053843
2.167173 0.051567
2.178213 0.050145
2.188724 0.049039
2.200973 0.048564
2.212667 0.048467
2.225316 0.048516
2.236984 0.049307
2.248612 0.050542
2.260633 0.051825
2.272600 0.053531
2.283446 0.055181
2.294717 0.056805
2.305940 0.058735
2.317106 0.060969
2.328711 0.063194
2.340272 0.065096
2.351795 0.067217
2.363306 0.068952
2.374792 0.070843
2.385770 0.072558
2.398257 0.074191
2.409727 0.075851
2.421758 0.076735
2.433265 0.077885
2.445294 0.078802
2.457847 0.079452
2.470401 0.080068
2.482957 0.080650
2.495549 0.080587
2.508629 0.080754
2.521219 0.080520
2.533807 0.080183
2.546901 0.079452
2.559481 0.078876
2.571553 0.077887
2.583614 0.076768
2.595151 0.075221
2.607181 0.073807
2.619194 0.072262
2.630670 0.070309
2.642683 0.069078
2.654645 0.067175
2.666637 0.065749
2.678620 0.064258
2.690121 0.063046
2.702092 0.061457
2.713108 0.060496
2.725126 0.059449
2.736669 0.058747
2.748259 0.058681
2.759849 0.058710
2.770951 0.059164
2.783052 0.059693
2.794661 0.061280
2.806741 0.062779
2.818781 0.065083
2.831253 0.067971
2.843173 0.070829
2.855967 0.074636
2.867654 0.078677
2.879674 0.083406
2.890435 0.088914
2.901412 0.095200
2.912141 0.101900
2.922608 0.109002
2.933164 0.116945
2.943388 0.125312
2.953262 0.134088
2.962770 0.143260
2.971012 0.152334
2.978608 0.161226
2.986454 0.170422
2.994064 0.181437
3.001751 0.192865
3.008344 0.204518
3.014391 0.216463
3.019754 0.228111
3.025280 0.240727
3.029532 0.252224
3.033369 0.264460
3.036670 0.276851
3.039430 0.289373
3.041642 0.302004
3.043348 0.314143
3.044558 0.326342
3.045443 0.337438
3.045830 0.349125
3.045899 0.360256
3.045429 0.371941
3.044682 0.383047
3.043323 0.393139
3.041794 0.404164
3.039726 0.414135
3.037663 0.424500
3.035264 0.434793
3.032478 0.443998
3.029700 0.453612
3.027235 0.462151
3.024252 0.471115
3.020701 0.480471
3.016872 0.489716
3.012769 0.498844
3.008761 0.507398
3.004144 0.516277
2.999843 0.525148
2.995152 0.533348
2.990651 0.541012
2.985543 0.548959
2.981081 0.555994
2.976030 0.563308
2.971692 0.569761
2.966874 0.577070
2.961919 0.584287
2.957292 0.591064
2.952620 0.598347
2.947374 0.605897
2.942487 0.613037
2.937547 0.620695
2.932564 0.628883
2.928006 0.636717
2.922947 0.645422
2.918830 0.653479
2.914255 0.662431
2.910175 0.671070
2.905665 0.680617
2.901181 0.690177
2.897216 0.699431
2.892810 0.709028
2.888483 0.719219
2.884699 0.729107
2.880510 0.739355
2.876443 0.750208
2.871910 0.760847
2.867889 0.771163
2.863924 0.781500
2.860015 0.791859
2.855685 0.802582
2.851781 0.812393
2.848458 0.822445
2.844746 0.832876
2.841470 0.842396
2.837780 0.852289
2.834025 0.861615
2.829804 0.871294
2.825088 0.881311
2.820235 0.890721
2.815306 0.900090
2.809823 0.909755
2.804173 0.918774
2.797863 0.927447
2.791389 0.935999
2.784754 0.944426
2.777454 0.953013
2.769970 0.960847
2.761777 0.968756
2.752881 0.976089
2.743696 0.983720
2.734359 0.990483
2.723710 0.997311
2.713919 1.003398
2.703376 1.009311
2.692787 1.014274
2.682407 1.019292
2.670923 1.023580
2.659628 1.027888
2.647851 1.031290
2.635683 1.034746
2.624253 1.037215
2.611583 1.039192
2.599089 1.041171
2.586873 1.042186
2.574263 1.043176
2.563135 1.043460
2.551443 1.043216
2.538801 1.042798
2.526066 1.041302
2.513407 1.039253
2.500384 1.037032
2.488463 1.034178
2.476668 1.030840
2.464521 1.026731
2.452043 1.022392
2.440756 1.017610
2.429673 1.012372
2.418812 1.006687
2.408621 1.000951
2.399072 0.995232
2.389730 0.989179
2.380997 0.983227
2.372463 0.976994
2.364498 0.970934
2.356719 0.964640
2.349131 0.958115
2.341478 0.951901
2.334567 0.945460
2.327547 0.939352
2.320661 0.933094
2.313324 0.926690
2.306386 0.920659
2.299546 0.914515
2.292749 0.909274
2.284888 0.902913
2.277866 0.898036
2.270345 0.892094
2.263124 0.886616
2.254764 0.881032
2.246739 0.874952
2.238410 0.869323
2.229833 0.863163
2.221273 0.856981
2.212730 0.850775
2.203619 0.844508
2.194508 0.838241
2.185641 0.832507
2.177098 0.826301
2.167987 0.820034
2.158876 0.813767
2.149523 0.806966
2.140429 0.800674
2.131094 0.793848
2.121778 0.786996
2.112481 0.780119
2.102970 0.772679
2.093729 0.765726
2.085092 0.758798
2.076269 0.751283
2.067143 0.744181
2.058402 0.736571
2.050521 0.729501
2.042490 0.721822
2.034542 0.714056
2.026486 0.705654
2.019127 0.697240
2.011905 0.688708
2.005239 0.679621
1.998772 0.670391
1.992507 0.661023
1.986324 0.650953
1.980955 0.640911
1.975861 0.630726
1.971045 0.620407
1.966454 0.609384
1.962819 0.599626
1.959450 0.589772
1.955793 0.577241
1.953082 0.565460
1.950789 0.553591
1.948975 0.541073
1.947639 0.528494
1.946782 0.515874
1.946405 0.503231
1.947099 0.490426
1.947753 0.477794
1.948887 0.465196
1.950714 0.452112
1.953206 0.440110
1.955835 0.427737
1.958658 0.415982
1.962501 0.404342
1.966210 0.392836
1.970927 0.381521
1.975847 0.369868
1.981074 0.359407
1.986484 0.348597
1.992464 0.338547
1.998412 0.329138
2.004688 0.319945
2.010718 0.310780
2.016687 0.302749
2.022343 0.294674
2.028740 0.286978
2.033885 0.279896
2.040597 0.271933
2.046993 0.263879
2.053592 0.256554
2.059852 0.249095
2.066753 0.240884
2.073296 0.233079
2.079965 0.225383
2.086240 0.218055
2.093136 0.210561
2.100192 0.202593
2.106865 0.194374
2.113559 0.186795
2.120436 0.178119
2.127309 0.170065
2.134246 0.162068
2.141249 0.154127
2.148383 0.145660
2.155563 0.137232
2.162312 0.128472
2.168993 0.120295
2.175695 0.112136
2.183040 0.103203
2.189786 0.095080
2.197179 0.086188
2.204518 0.077898
2.211984 0.069066
2.219473 0.060255
2.226902 0.052045
2.235016 0.043102
2.242533 0.034973
2.250650 0.026700
2.258277 0.018674
2.266399 0.011091
2.274715 0.003018
2.283540 -0.004573
2.291904 -0.011887
2.300912 -0.019260
2.308747 -0.025652
2.317217 -0.032097
2.325361 -0.038862
2.334538 -0.045244
2.343247 -0.051362
2.352429 -0.056905
2.361332 -0.062735
2.370116 -0.067890
2.378982 -0.072901
2.388145 -0.078315
2.396580 -0.082996
2.404844 -0.087024
2.413415 -0.091451
2.422045 -0.095762
2.430152 -0.099922
2.438044 -0.103470
2.445671 -0.107409
2.453058 -0.110769
2.460178 -0.114549
2.467040 -0.117778
2.473629 -0.121453
2.479946 -0.124601
2.485984 -0.128215
2.491739 -0.131322
2.497787 -0.134920
2.503255 -0.138509
2.508132 -0.142099
2.513291 -0.145225
2.518148 -0.148842
2.522986 -0.152485
2.528110 -0.155667
2.532348 -0.159311
2.537402 -0.163533
2.542159 -0.167281
2.546057 -0.170501
2.550773 -0.174300
2.554890 -0.178080
2.559803 -0.182465
2.563858 -0.186311
2.568459 -0.190250
2.572697 -0.194677
2.576656 -0.198622
2.580583 -0.202599
2.585053 -0.206685
2.588926 -0.210715
2.592980 -0.215311
2.596776 -0.219414
2.600538 -0.223547
2.604266 -0.227711
2.607960 -0.231905
2.611050 -0.236016
2.614663 -0.240280
2.618242 -0.244572
2.621786 -0.248894
2.625119 -0.252696
2.628604 -0.257065
2.631886 -0.260911
2.634748 -0.265184
2.638125 -0.269637
2.641311 -0.273562
2.644627 -0.278061
2.648318 -0.282188
2.651440 -0.286164
2.655239 -0.290881
2.658873 -0.295057
2.663051 -0.299408
2.667229 -0.303758
2.672104 -0.308834
2.676838 -0.313346
2.682143 -0.318002
2.687324 -0.322066
2.692131 -0.326500
2.697511 -0.331069
2.702915 -0.335609
2.707783 -0.339977
2.713624 -0.344050
2.719678 -0.348617
2.725769 -0.353135
2.731897 -0.357603
2.737878 -0.361467
2.743333 -0.365156
2.749011 -0.369349
2.753947 -0.372858
2.759471 -0.376442
2.764656 -0.380428
2.769649 -0.383856
2.775439 -0.387893
2.780468 -0.391266
2.785516 -0.394612
2.791371 -0.398555
2.796455 -0.401846
2.801778 -0.405646
2.806316 -0.408817
2.811659 -0.412588
2.817012 -0.416345
2.822376 -0.420087
2.827750 -0.423815
2.833361 -0.428062
2.838745 -0.431775
2.844367 -0.436008
2.849989 -0.440240
2.855611 -0.444473
2.860657 -0.448634
2.866267 -0.452881
2.872102 -0.457665
2.877701 -0.461928
2.883522 -0.466727
2.889331 -0.471542
2.895126 -0.476373
2.900908 -0.481220
2.906677 -0.486082
2.912432 -0.490961
2.918751 -0.495936
2.925281 -0.501454
2.931587 -0.506447
2.937525 -0.511898
2.944010 -0.517468
2.950480 -0.523057
2.956935 -0.528663
2.963375 -0.534286
2.969223 -0.539834
2.975617 -0.545509
2.981613 -0.551652
2.987945 -0.557397
2.994835 -0.563261
3.001151 -0.569023
3.007451 -0.574802
3.013736 -0.580598
3.020763 -0.587072
3.027589 -0.593010
3.034416 -0.598948
3.041242 -0.604887
3.048455 -0.610376
3.055313 -0.616277
3.062556 -0.621727
3.068681 -0.626939
3.076528 -0.632444
3.084419 -0.637885
3.092148 -0.642713
3.100718 -0.648079
3.109481 -0.652327
3.119135 -0.656999
3.128053 -0.660911
3.138459 -0.665239
3.148416 -0.668288
3.159318 -0.671577
3.170885 -0.674543
3.182218 -0.676660
3.193614 -0.678407
3.205985 -0.680178
3.218040 -0.681076
3.230119 -0.681548
3.242768 -0.681448
3.254985 -0.680442
3.267587 -0.679346
3.280676 -0.677560
3.292686 -0.675104
3.305586 -0.672257
3.318360 -0.668888
3.330476 -0.664688
3.342438 -0.660574
3.354172 -0.655402
3.366122 -0.649366
3.377901 -0.643385
3.388441 -0.637125
3.398878 -0.631026
3.408519 -0.624407
3.418652 -0.616548
3.428665 -0.608820
3.438378 -0.600716
3.447775 -0.592249
3.456248 -0.583391
3.464666 -0.574714
3.473635 -0.565230
3.481419 -0.555981
3.489232 -0.546951
3.496772 -0.537691
3.504032 -0.528210
3.511403 -0.518974
3.518546 -0.509561
3.525457 -0.499976
3.532557 -0.490656
3.539479 -0.481203
3.546086 -0.472186
3.552546 -0.463064
3.558855 -0.453837
3.565577 -0.444333
3.572068 -0.435314
3.578459 -0.426225
3.584659 -0.417643
3.591344 -0.408817
3.597426 -0.400151
3.604071 -0.390655
3.610562 -0.381686
3.616928 -0.373261
3.623271 -0.364819
3.629590 -0.356360
3.635735 -0.349044
3.642055 -0.340584
3.648277 -0.332688
3.654421 -0.325372
3.660665 -0.317492
3.666908 -0.309613
3.673152 -0.301734
3.679395 -0.293855
3.685639 -0.285975
3.691337 -0.278306
3.697559 -0.270410
3.703781 -0.262513
3.709458 -0.254828
3.715186 -0.246549
3.720799 -0.238818
3.725917 -0.230713
3.730968 -0.222567
3.735953 -0.214380
3.740384 -0.205811
3.744697 -0.197183
3.748893 -0.188496
3.752445 -0.180017
3.756392 -0.170628
3.759150 -0.161164
3.762186 -0.151336
3.765007 -0.141445
3.767072 -0.131238
3.768919 -0.121554
3.771007 -0.111483
3.771849 -0.101512
3.772745 -0.090577
3.773437 -0.080187
3.773846 -0.069781
3.773819 -0.058810
3.773463 -0.047845
3.772189 -0.036787
3.770911 -0.025329
3.768889 -0.014384
3.767081 -0.003563
3.764870 0.006197
3.762143 0.017399
3.759326 0.027002
3.755919 0.037006
3.751814 0.048376
3.747396 0.058593
3.742858 0.069191
3.737384 0.079525
3.731910 0.089217
3.726276 0.099276
3.720157 0.108574
3.714143 0.117265
3.707407 0.126126
3.700817 0.134388
3.693576 0.143360
3.686462 0.151176
3.678609 0.159064
3.671003 0.166971
3.663159 0.174054
3.655089 0.180878
3.647322 0.187188
3.638841 0.193494
3.629622 0.199731
3.621818 0.205056
3.613326 0.210349
3.604678 0.215386
3.595744 0.220737
3.586824 0.225272
3.577772 0.229539
3.568597 0.233534
3.560448 0.237083
3.552215 0.240431
3.543328 0.243636
3.535508 0.246509
3.526475 0.249276
3.517948 0.251781
3.509361 0.254077
3.500721 0.256163
3.492033 0.258036
3.483301 0.259697
3.475106 0.261196
3.467113 0.263056
3.458867 0.264242
3.451168 0.265333
3.443450 0.266278
3.436283 0.267178
3.429102 0.267960
3.422473 0.268744
3.416399 0.269560
3.410316 0.270310
3.404225 0.270993
3.398688 0.271748
3.393298 0.273011
3.387904 0.274259
3.382101 0.275905
3.376861 0.277690
3.370660 0.279769
3.365030 0.281999
3.359016 0.284682
3.353024 0.287413
3.346668 0.290624
3.340347 0.293903
3.333688 0.297691
3.327293 0.302114
3.320403 0.306572
3.313821 0.311680
3.306434 0.317337
3.299757 0.323204
3.293226 0.329232
3.285957 0.335893
3.279443 0.342735
3.272528 0.349762
3.266121 0.357448
3.259356 0.365366
3.253397 0.373406
3.247474 0.382159
3.241446 0.390650
3.236057 0.399741
3.230546 0.408578
3.225851 0.417415
3.221421 0.426388
3.217262 0.435490
3.213471 0.444143
3.209915 0.452895
3.206599 0.461741
3.203525 0.470674
3.200728 0.479111
3.198139 0.487613
3.195759 0.496177
3.193073 0.504509
3.191038 0.512014
3.189170 0.520133
3.186919 0.527456
3.184319 0.535708
3.181254 0.543164
3.178277 0.551215
3.174783 0.558459
3.171772 0.565377
3.168252 0.572050
3.164231 0.579036
3.160657 0.585681
3.157028 0.591735
3.152880 0.598083
3.149169 0.604087
3.144935 0.610379
3.140155 0.616937
3.136299 0.622849
3.130905 0.629033
3.125411 0.635129
3.119818 0.641134
3.113613 0.647308
3.107291 0.653364
3.100855 0.659298
3.094307 0.665109
3.087115 0.671013
3.080420 0.675971
3.073522 0.681362
3.066523 0.686620
3.058993 0.691343
3.051772 0.696292
3.044459 0.701103
3.037768 0.705066
3.030277 0.709595
3.022876 0.713421
3.015774 0.717532
3.008233 0.721074
3.001188 0.724364
2.993863 0.728064
2.987279 0.731034
2.980647 0.733897
2.973726 0.737183
2.967011 0.739846
2.960254 0.742399
2.953456 0.744842
2.946619 0.747173
2.940039 0.749895
2.933718 0.752038
2.927369 0.754095
2.920992 0.756066
2.915166 0.757968
2.909319 0.759807
2.904029 0.761609
2.899047 0.762887
2.894300 0.764624
2.888967 0.766297
2.884196 0.767970
2.879416 0.769617
2.875201 0.771284
2.870408 0.772892
2.866181 0.774525
2.861949 0.776147
2.857712 0.777757
2.853705 0.779873
2.849468 0.781483
2.845122 0.784067
2.841126 0.786205
2.836801 0.788824
2.831582 0.791896
2.826959 0.795036
2.822041 0.798694
2.817745 0.802430
2.812029 0.806676
2.807243 0.810505
2.801327 0.815373
2.796061 0.820318
2.790877 0.825348
2.784924 0.830996
2.779063 0.836740
2.773297 0.842578
2.767387 0.849036
2.761600 0.855606
2.755940 0.862284
2.750408 0.869068
2.744228 0.876594
2.738193 0.884236
2.732304 0.891992
2.726563 0.899858
2.720400 0.907966
2.713653 0.916878
2.707188 0.925332
2.699702 0.934180
2.692855 0.942932
2.686105 0.951757
2.678886 0.960825
2.671741 0.969950
2.664671 0.979134
2.657676 0.988375
2.650855 0.997096
2.644081 1.005853
2.637355 1.014648
2.630768 1.022901
2.624114 1.031750
2.617685 1.039478
2.611166 1.047785
2.605308 1.055333
2.599011 1.062518
2.593153 1.070066
2.587405 1.077053
2.581201 1.083662
2.575415 1.090617
2.569175 1.097192
2.563449 1.103541
2.557260 1.109489
2.551466 1.115775
2.545326 1.121082
2.539009 1.126894
2.533323 1.131912
2.526485 1.137214
2.520133 1.142266
2.513728 1.147248
2.506860 1.151740
2.500321 1.156547
2.493333 1.160849
2.486843 1.164919
2.480297 1.168901
2.473129 1.172896
2.466468 1.176680
2.460327 1.180285
2.453575 1.183905
2.447921 1.187281
2.441666 1.190683
2.435374 1.194017
2.429622 1.197222
2.423268 1.200436
2.416879 1.203581
2.409627 1.207224
2.402594 1.210263
2.395834 1.213700
2.388467 1.217104
2.382222 1.220393
2.375105 1.224178
2.368549 1.227911
2.361982 1.231626
2.355711 1.235821
2.349181 1.240548
2.343260 1.245286
2.337118 1.250591
2.330783 1.256484
2.324529 1.262463
2.318122 1.269057
2.312186 1.276223
2.306408 1.283516
2.300402 1.292024
2.294630 1.300692
2.289096 1.309513
2.283659 1.319042
2.278386 1.329294
2.274014 1.339531
2.269367 1.350691
2.265116 1.362007
2.261229 1.374044
2.258338 1.385957
2.255410 1.398263
2.253466 1.410366
2.251516 1.422864
2.250608 1.435655
2.249682 1.448270
2.249695 1.460529
2.250354 1.473335
2.250973 1.485969
2.252673 1.498679
2.254923 1.511303
2.257481 1.523291
2.260437 1.536167
2.264243 1.548412
2.267969 1.560500
2.272473 1.572920
2.277480 1.585145
2.282980 1.597156
2.288364 1.609048
2.294351 1.621729
2.300782 1.634191
2.307479 1.646992
2.314590 1.659568
2.321973 1.672488
2.329737 1.685182
2.337878 1.697638
2.346302 1.710437
2.354580 1.722682
2.363654 1.735029
2.373059 1.747125
2.382789 1.758962
2.392828 1.771127
2.403161 1.783044
2.413783 1.794705
2.424687 1.806102
2.435866 1.817229
2.447801 1.827684
2.459486 1.837595
2.471336 1.846595
2.483450 1.855237
2.495952 1.864096
2.508384 1.871455
2.522138 1.880225
2.535362 1.887965
2.548210 1.895272
2.561816 1.902320
2.575608 1.908994
2.589577 1.915292
2.604555 1.921754
2.618529 1.927824
2.633499 1.934098
2.648014 1.940076
2.662349 1.946334
2.676478 1.952954
2.690072 1.959504
2.703710 1.967046
2.717328 1.974625
2.730912 1.983308
2.743805 1.992163
2.756848 2.001717
2.768539 2.011486
2.779064 2.022004
2.789271 2.032832
2.798761 2.044447
2.808201 2.057497
2.816509 2.070812
2.824230 2.084475
2.831351 2.098460
2.837285 2.112553
2.842507 2.126327
2.847091 2.139735
2.850586 2.153057
2.853993 2.167964
2.856193 2.182701
2.858169 2.197864
2.858959 2.212743
2.858890 2.228207
2.858183 2.243090
2.856750 2.257921
2.853979 2.272751
2.850782 2.287881
2.847078 2.302313
2.842346 2.316041
2.837213 2.330029
2.831468 2.342745
2.825355 2.355713
2.818046 2.368260
2.810099 2.380412
2.801698 2.392718
2.792705 2.404598
2.783038 2.415432
2.773303 2.425429
2.763583 2.434637
2.753449 2.443386
2.741883 2.452165
2.729880 2.460336
2.717471 2.467877
2.705347 2.474007
2.692227 2.480229
2.678970 2.485187
2.665838 2.489905
2.652141 2.493471
2.637763 2.497378
2.623489 2.500045
2.608488 2.503009
2.593042 2.505785
2.577723 2.508468
2.561380 2.510941
2.544580 2.513263
2.526933 2.515911
2.509214 2.518030
2.491029 2.520059
2.472932 2.522221
2.454365 2.524412
2.435882 2.526883
2.417367 2.529103
2.397286 2.531017
2.376728 2.533007
2.356059 2.534068
2.334989 2.535779
2.314364 2.536874
2.293259 2.538070
2.271141 2.539133
2.250014 2.539869
2.228358 2.540084
2.206217 2.540365
2.184590 2.540710
2.163477 2.541185
2.142339 2.540888
2.120711 2.540704
2.099084 2.540344
2.077460 2.539148
2.055847 2.538318
2.034749 2.536987
2.013650 2.536085
1.993068 2.534753
1.972475 2.533907
1.951909 2.532351
1.930352 2.530582
1.908810 2.528638
1.887332 2.525860
1.866313 2.523813
1.844832 2.521285
1.823437 2.517924
1.801552 2.514548
1.780165 2.511321
1.759346 2.507653
1.738024 2.504020
1.717183 2.500608
1.697264 2.497871
1.678341 2.495271
1.658876 2.492925
1.639863 2.491019
1.621765 2.489977
1.603656 2.489131
1.585540 2.488482
1.567895 2.488392
1.550734 2.488893
1.533584 2.489675
1.516946 2.491069
1.500338 2.492145
1.484774 2.494707
1.468243 2.497048
1.453285 2.499946
1.436863 2.502958
1.420970 2.505925
1.404665 2.509515
1.388430 2.513415
1.372273 2.517623
1.356640 2.521747
1.341514 2.525729
1.326325 2.529300
1.311047 2.532378
1.296215 2.535098
1.281822 2.537421
1.266327 2.539262
1.251810 2.540813
1.236653 2.541395
1.220956 2.541482
1.206205 2.540542
1.192452 2.538547
1.177753 2.535562
1.162676 2.531748
1.147803 2.526739
1.134163 2.521177
1.120333 2.514654
1.106818 2.507500
1.093649 2.499729
1.081432 2.491199
1.069060 2.482214
1.058401 2.473490
1.047805 2.463834
1.037665 2.452663
1.027816 2.441482
1.019127 2.429848
1.010832 2.417247
1.003233 2.404213
0.997104 2.391455
0.990964 2.377674
0.985679 2.364150
0.981597 2.350004
0.977849 2.336563
0.975302 2.323219
0.972942 2.308891
0.971274 2.295037
0.970364 2.280545
0.970095 2.266594
0.970644 2.252084
0.972376 2.238036
0.974072 2.224756
0.976380 2.211568
0.978593 2.200085
0.980993 2.189216
0.983250 2.179466
0.986117 2.170286
0.988979 2.160697
0.991822 2.151688
0.994909 2.142760
0.997583 2.134870
1.000095 2.127510
1.002407 2.120667
1.004598 2.113326
1.005960 2.106400
1.007132 2.098947
1.007861 2.090429
1.007980 2.081846
1.007538 2.072209
1.006708 2.062059
1.005383 2.052411
1.003315 2.041775
1.001296 2.030687
0.998139 2.020181
0.994948 2.009250
0.991124 1.997938
0.986715 1.987285
0.981223 1.975890
0.975302 1.964712
0.968960 1.953767
0.962207 1.943072
0.955051 1.932641
0.947054 1.922126
0.939006 1.912880
0.930657 1.903377
