0.000000 0.000000
0.000000 0.000000
0.000000 0.000000
0.000000 0.000000
0.000000 0.000000
0.000000 0.000000
0.000000 0.000000
0.000000 0.000000
0.000000 0.000000
0.000000 0.000000
0.000502 -0.000273
0.001003 -0.000548
0.002008 -0.000553
0.003014 -0.000558
0.004519 -0.000842
0.006530 -0.000859
0.009045 -0.000601
0.011556 -0.000893
0.014573 -0.000358
0.018092 -0.000086
0.022113 -0.000086
0.026131 0.000479
0.030653 0.000788
0.035671 0.001399
0.041181 0.002335
0.047196 0.003042
0.053207 0.003781
0.060191 0.005173
0.068197 0.006109
0.076198 0.007088
0.084714 0.007847
0.093227 0.008629
0.102778 0.008902
0.112295 0.009744
0.122330 0.010344
0.131880 0.010618
0.142921 0.011248
0.153476 0.011550
0.164031 0.011824
0.175592 0.012118
0.187668 0.012099
0.199744 0.012015
0.212312 0.012187
0.224896 0.011713
0.238470 0.011774
0.251547 0.011479
0.265627 0.011127
0.279706 0.010698
0.293781 0.010193
0.307854 0.009611
0.322421 0.008638
0.336980 0.007546
0.352553 0.006935
0.367099 0.005685
0.381635 0.004316
0.396158 0.002829
0.410186 0.001560
0.424688 -0.000125
0.439176 -0.001927
0.452647 -0.003772
0.466630 -0.005459
0.480604 -0.007223
0.494037 -0.009323
0.506985 -0.011175
0.519457 -0.012740
0.532390 -0.014698
0.544848 -0.016365
0.557765 -0.018428
0.570745 -0.019952
0.582726 -0.021358
0.595242 -0.022519
0.607760 -0.023646
0.619283 -0.024630
0.631338 -0.025333
0.643451 -0.025363
0.655039 -0.025524
0.666667 -0.024985
0.678287 -0.024288
0.689403 -0.023109
0.699992 -0.022038
0.712067 -0.019930
0.722596 -0.017885
0.734056 -0.015002
0.745917 -0.011504
0.757604 -0.007081
0.768691 -0.002645
0.780079 0.002500
0.791157 0.008606
0.801994 0.015129
0.812576 0.022060
0.823843 0.029697
0.834223 0.037868
0.844263 0.046455
0.854259 0.055930
0.863541 0.065331
0.872431 0.075102
0.880570 0.085733
0.888807 0.096772
0.895757 0.107548
0.903004 0.119260
0.909149 0.131155
0.915186 0.142905
0.920167 0.154722
0.925195 0.166938
0.929165 0.179132
0.932523 0.190333
0.936007 0.202493
0.938504 0.213918
0.940539 0.226006
0.942582 0.238489
0.943730 0.250127
0.944910 0.262158
0.945090 0.274415
0.945217 0.287064
0.945020 0.299151
0.944569 0.310671
0.944147 0.322605
0.943370 0.334521
0.942457 0.345871
0.941467 0.356661
0.940571 0.367895
0.939779 0.379585
0.938765 0.391258
0.937802 0.402394
0.936983 0.414006
0.936291 0.425096
0.935479 0.436178
0.934546 0.447250
0.933792 0.457811
0.932649 0.468863
0.931694 0.479407
0.931254 0.489957
0.930474 0.501002
0.929948 0.511548
0.929078 0.522585
0.928148 0.533618
0.927761 0.544670
0.927092 0.555208
0.926675 0.566258
0.926613 0.575812
0.926226 0.586864
0.926157 0.597423
0.926146 0.606977
0.926135 0.617536
0.926463 0.627599
0.926846 0.637659
0.927881 0.647718
0.928726 0.657266
0.929938 0.666298
0.931274 0.676321
0.932998 0.685812
0.935175 0.695761
0.937443 0.704670
0.939944 0.714543
0.943198 0.724300
0.946664 0.733984
0.950928 0.743484
0.954863 0.752987
0.959983 0.762690
0.964982 0.771826
0.970646 0.781221
0.976588 0.790443
0.983248 0.799854
0.990211 0.809043
0.997938 0.818339
1.005990 0.827357
1.014354 0.836084
1.023507 0.845391
1.032976 0.853176
1.042783 0.861165
1.052835 0.868181
1.063784 0.875573
1.074474 0.882335
1.085291 0.888102
1.096481 0.894001
1.107886 0.899471
1.119491 0.904503
1.131642 0.908601
1.143618 0.912671
1.156574 0.916847
1.169678 0.920527
1.183205 0.924228
1.195965 0.926979
1.210044 0.930217
1.224222 0.932995
1.238125 0.934830
1.251887 0.936758
1.266654 0.938596
1.281069 0.939546
1.295922 0.940458
1.309264 0.940877
1.323046 0.941341
1.336290 0.941677
1.349539 0.941725
1.362704 0.942095
1.375412 0.941878
1.388050 0.942028
1.400690 0.942006
1.412327 0.941720
1.424439 0.941619
1.436509 0.941994
1.448618 0.941695
1.460693 0.941874
1.471764 0.941932
1.483324 0.942257
1.493905 0.941901
1.505958 0.942425
1.515531 0.941948
1.526090 0.942021
1.536649 0.942065
1.546712 0.941767
1.556762 0.942013
1.567322 0.941971
1.576863 0.942476
1.586913 0.942722
1.597457 0.943280
1.607487 0.944151
1.618027 0.944795
1.627560 0.945430
1.636087 0.946050
1.645616 0.946736
1.654166 0.946813
1.663206 0.947181
1.671242 0.947509
1.679298 0.947250
1.687353 0.946947
1.694898 0.946880
1.702452 0.946209
1.710000 0.945476
1.718043 0.944389
1.725067 0.943226
1.733084 0.941964
1.740572 0.940340
1.748036 0.938615
1.755476 0.936788
1.763365 0.934530
1.771684 0.931802
1.779949 0.928917
1.787614 0.925654
1.796199 0.922064
1.804704 0.918288
1.812990 0.913751
1.821150 0.908991
1.830148 0.903749
1.838426 0.898125
1.847485 0.891937
1.855772 0.885378
1.864183 0.878087
1.872922 0.870567
1.881126 0.862234
1.889008 0.853594
1.897418 0.844146
1.904867 0.834411
1.912137 0.823847
1.918740 0.813520
1.924918 0.802932
1.930814 0.791544
1.936078 0.780474
1.940995 0.768631
1.945310 0.757157
1.949213 0.744943
1.952547 0.733146
1.955398 0.721224
1.957748 0.708618
1.959586 0.696498
1.960867 0.683739
1.961678 0.671508
1.961881 0.658686
1.961661 0.646430
1.960941 0.634192
1.959900 0.622545
1.958019 0.611387
1.956280 0.600392
1.954155 0.589466
1.951895 0.579142
1.949300 0.568897
1.946654 0.559246
1.943720 0.549679
1.940502 0.540203
1.937596 0.530782
1.934460 0.521436
1.931440 0.512634
1.928466 0.503362
1.925317 0.494147
1.922580 0.484897
1.919932 0.475138
1.917178 0.465409
1.914907 0.455600
1.912379 0.446354
1.910563 0.436467
1.908544 0.427128
1.906688 0.418783
1.905004 0.409893
1.903125 0.401553
1.901802 0.393106
1.900702 0.384109
1.900029 0.375552
1.899591 0.367980
1.899273 0.358873
1.899197 0.350758
1.899665 0.341576
1.900282 0.332404
1.901049 0.323242
1.902557 0.314060
1.904535 0.304402
1.906750 0.294795
1.909199 0.284240
1.912191 0.274266
1.916110 0.263423
1.920036 0.253179
1.924624 0.242602
1.929931 0.231741
1.935815 0.221635
1.941903 0.211191
1.948780 0.200574
1.955751 0.191185
1.963415 0.181122
1.971456 0.171357
1.979929 0.162498
1.989206 0.153093
1.999366 0.143794
2.009910 0.135544
2.021392 0.126960
2.032114 0.119925
2.042673 0.112961
2.053379 0.106990
2.065014 0.100734
2.076735 0.095533
2.089427 0.090183
2.102703 0.085886
2.115021 0.082321
2.128320 0.078740
2.140901 0.076257
2.153577 0.074324
2.165751 0.072886
2.178319 0.071460
2.190569 0.070985
2.203211 0.070553
2.214900 0.070901
2.226013 0.071531
2.237526 0.072142
2.248468 0.072933
2.259920 0.074262
2.270792 0.075734
2.281560 0.076933
2.293298 0.078301
2.304482 0.079689
2.316126 0.080992
2.327743 0.082516
2.338822 0.083362
2.349892 0.084328
2.362460 0.085109
2.373016 0.085381
2.385077 0.085990
2.395633 0.085747
2.407192 0.086082
2.419256 0.086147
2.431319 0.086213
2.443887 0.085975
2.456453 0.085703
2.469522 0.085703
2.481583 0.085094
2.494146 0.084720
2.506698 0.083700
2.518747 0.082895
2.530791 0.082024
2.542831 0.081088
2.554865 0.080086
2.566894 0.079019
2.578397 0.077608
2.590411 0.076378
2.601894 0.074811
2.613889 0.073417
2.624874 0.072035
2.636378 0.070854
2.647825 0.069038
2.658841 0.068078
2.669802 0.066517
2.680814 0.065496
2.691825 0.064476
2.702836 0.063456
2.713374 0.062782
2.724439 0.062393
2.735547 0.062666
2.746165 0.063392
2.757264 0.063937
2.768369 0.065205
2.779451 0.067259
2.790485 0.069552
2.801952 0.072405
2.812819 0.075807
2.823590 0.079503
2.834256 0.083491
2.844810 0.087767
2.855244 0.092328
2.865414 0.097759
2.876379 0.103754
2.886960 0.110684
2.897852 0.117879
2.907667 0.126131
2.917706 0.134718
2.927069 0.143223
2.936401 0.152574
2.945345 0.162297
2.953626 0.171859
2.962012 0.182784
2.968894 0.192929
2.976141 0.203974
2.982761 0.214753
2.988384 0.225646
2.994134 0.236912
2.998775 0.247646
3.003090 0.259120
3.007425 0.270405
3.010856 0.282173
3.014321 0.293755
3.016848 0.305173
3.019455 0.316977
3.021181 0.327973
3.022517 0.339024
3.024094 0.349317
3.024923 0.359290
3.025345 0.369850
3.025292 0.380981
3.024847 0.392104
3.024596 0.403071
3.023613 0.413594
3.022287 0.424079
3.020837 0.433981
3.018859 0.444363
3.016794 0.454154
3.014700 0.463366
3.012080 0.473025
3.009465 0.482102
3.006298 0.491595
3.003169 0.500509
2.999799 0.509334
2.996779 0.518136
2.993335 0.526330
2.989691 0.534437
2.985851 0.542452
2.981815 0.550371
2.977981 0.557767
2.973987 0.565079
2.970244 0.571895
2.965955 0.579037
2.961938 0.585695
2.957362 0.592656
2.953076 0.599145
2.948220 0.605915
2.943760 0.612803
2.938650 0.619383
2.933932 0.626096
2.929104 0.632732
2.924217 0.639872
2.920199 0.646304
2.915644 0.653021
2.912025 0.659641
2.907411 0.666879
2.902738 0.674080
2.898526 0.681520
2.893301 0.689555
2.888031 0.698134
2.882714 0.706683
2.877856 0.714910
2.872486 0.724002
2.867583 0.732202
2.862164 0.741265
2.857216 0.749438
2.851761 0.759057
2.846292 0.768090
2.841309 0.776821
2.835816 0.785840
2.830309 0.795429
2.825302 0.804147
2.820295 0.812864
2.814778 0.821867
2.809748 0.830571
2.804717 0.839275
2.799687 0.847979
2.794145 0.856967
2.789087 0.865073
2.783494 0.873445
2.778370 0.881509
2.772716 0.889248
2.766988 0.897528
2.760710 0.905455
2.754892 0.912469
2.748475 0.919671
2.741960 0.926785
2.734818 0.934046
2.727618 0.940603
2.719756 0.947234
2.711206 0.953890
2.702496 0.960336
2.693749 0.965987
2.684293 0.971549
2.674675 0.976826
2.665470 0.981696
2.654997 0.986516
2.646089 0.990740
2.636507 0.994819
2.625325 0.998241
2.614021 1.001236
2.602334 1.004325
2.590263 1.006463
2.577798 1.008612
2.565835 1.010351
2.553599 1.011100
2.541343 1.011350
2.528696 1.011551
2.516458 1.010835
2.504260 1.009622
2.491580 1.007711
2.479527 1.005476
2.467053 1.002505
2.454741 0.999604
2.443051 0.995915
2.432010 0.992059
2.420647 0.987462
2.409480 0.982405
2.398978 0.977260
2.388680 0.971718
2.379024 0.966182
2.369569 0.960308
2.360724 0.954523
2.352458 0.948883
2.345115 0.943874
2.337750 0.937690
2.330705 0.932271
2.323454 0.926215
2.315784 0.920021
2.309172 0.914082
2.302402 0.907492
2.295811 0.901731
2.289045 0.895343
2.282107 0.889311
2.275855 0.883184
2.269134 0.876911
2.262515 0.870530
2.255660 0.864526
2.248633 0.857917
2.241927 0.851747
2.234479 0.844908
2.227326 0.838527
2.220225 0.832089
2.212966 0.825050
2.205408 0.818398
2.197887 0.811706
2.190402 0.804973
2.182954 0.798199
2.175162 0.791846
2.167751 0.785032
2.160572 0.778727
2.152832 0.772311
2.145093 0.765896
2.137931 0.759572
2.129437 0.752491
2.122100 0.745597
2.114223 0.738565
2.106943 0.731611
2.099700 0.724617
2.091919 0.717479
2.084158 0.710320
2.076816 0.702691
2.069537 0.695003
2.062321 0.687256
2.055584 0.679017
2.049263 0.671812
2.042707 0.663428
2.036971 0.655672
2.030775 0.647681
2.025553 0.638820
2.019400 0.629488
2.014425 0.619862
2.009766 0.610692
2.005240 0.600848
2.001450 0.590552
1.997466 0.580476
1.994241 0.569990
1.990808 0.559133
1.988186 0.548480
1.985919 0.537176
1.984079 0.525228
1.982661 0.513223
1.981669 0.501175
1.981560 0.489481
1.981453 0.477393
1.982201 0.465723
1.982981 0.453659
1.984583 0.442075
1.986623 0.430560
1.988982 0.418133
1.991893 0.406807
1.994907 0.395100
1.998639 0.384017
2.002504 0.372563
2.007039 0.361784
2.011282 0.352104
2.015970 0.341572
2.020461 0.332628
2.024831 0.324253
2.030042 0.314599
2.035292 0.306079
2.041070 0.296754
2.046819 0.288563
2.052367 0.280916
2.058574 0.273067
2.064006 0.265511
2.070138 0.258325
2.075984 0.251631
2.081955 0.244493
2.088597 0.237776
2.094910 0.230939
2.101369 0.224242
2.107973 0.217686
2.114225 0.210945
2.121109 0.204058
2.127595 0.197543
2.134187 0.191134
2.140882 0.184833
2.147679 0.178643
2.154192 0.171611
2.160680 0.165212
2.167784 0.158685
2.174427 0.152447
2.181791 0.145518
2.188677 0.138850
2.196171 0.132062
2.203182 0.125525
2.210246 0.119047
2.218050 0.111891
2.225218 0.105529
2.233137 0.098501
2.241113 0.091539
2.248579 0.084785
2.256227 0.077504
2.263748 0.070812
2.271720 0.064592
2.278781 0.058155
2.286998 0.051479
2.294289 0.044557
2.302560 0.037948
2.310714 0.031969
2.318536 0.025631
2.327142 0.018665
2.335425 0.012864
2.343383 0.006698
2.351950 0.000478
2.359797 -0.005027
2.367311 -0.010929
2.375217 -0.016348
2.383372 -0.022252
2.391351 -0.027564
2.399373 -0.032810
2.407654 -0.038535
2.415747 -0.043672
2.423881 -0.048743
2.432056 -0.053747
2.439692 -0.058631
2.447354 -0.063473
2.454463 -0.068223
2.461004 -0.072901
2.467306 -0.077049
2.473861 -0.081710
2.479596 -0.085788
2.484991 -0.090338
2.490362 -0.094918
2.495475 -0.098996
2.500577 -0.103088
2.505320 -0.107656
2.509801 -0.111731
2.514481 -0.116363
2.518906 -0.120498
2.523309 -0.124656
2.527689 -0.128839
2.532047 -0.133045
2.535808 -0.137178
2.540108 -0.141443
2.543814 -0.145627
2.548055 -0.149950
2.551703 -0.154185
2.555317 -0.158448
2.559279 -0.162315
2.562846 -0.166617
2.566765 -0.170526
2.570285 -0.174868
2.573598 -0.178687
2.577623 -0.183212
2.580895 -0.187067
2.584707 -0.191081
2.588108 -0.195516
2.591316 -0.199424
2.595062 -0.203500
2.598238 -0.207434
2.601950 -0.211540
2.605652 -0.215656
2.609342 -0.219783
2.613021 -0.223919
2.617099 -0.227664
2.620778 -0.231800
2.624446 -0.235947
2.628513 -0.239702
2.632738 -0.244007
2.636815 -0.247752
2.642170 -0.252350
2.647549 -0.256919
2.652236 -0.260755
2.657103 -0.265123
2.662382 -0.269060
2.667860 -0.273511
2.672629 -0.277244
2.678721 -0.281761
2.685416 -0.286348
2.691407 -0.290196
2.697062 -0.294420
2.703309 -0.298720
2.708823 -0.302319
2.713998 -0.306319
2.719754 -0.310403
2.724961 -0.314361
2.730543 -0.317855
2.735792 -0.321756
2.741261 -0.326184
2.746521 -0.330070
2.751219 -0.333853
2.756490 -0.337726
2.761771 -0.341584
2.767276 -0.345967
2.772781 -0.350351
2.777500 -0.354108
2.783005 -0.358492
2.788721 -0.363417
2.793640 -0.367726
2.799121 -0.372140
2.804602 -0.376553
2.810083 -0.380967
2.815772 -0.385923
2.822023 -0.390984
2.827492 -0.395412
2.833167 -0.400383
2.838829 -0.405370
2.843903 -0.410276
2.849524 -0.415308
2.855327 -0.420903
2.860907 -0.425981
2.867239 -0.431726
2.872791 -0.436835
2.879091 -0.442614
2.885376 -0.448410
2.891644 -0.454224
2.898471 -0.460162
2.904724 -0.465993
2.911534 -0.471949
2.918344 -0.477906
2.924581 -0.483754
2.931375 -0.489729
2.937775 -0.496147
2.944537 -0.502159
2.950726 -0.508058
2.957471 -0.514088
2.963644 -0.520003
2.970373 -0.526052
2.976530 -0.531983
2.983242 -0.538050
2.989383 -0.543999
2.996650 -0.550201
3.003362 -0.556268
3.010074 -0.562335
3.016041 -0.567728
3.023325 -0.573911
3.028736 -0.579169
3.035843 -0.584794
3.042409 -0.590269
3.047849 -0.595497
3.054804 -0.600528
3.061415 -0.605950
3.068424 -0.610905
3.075473 -0.615803
3.082562 -0.620644
3.090058 -0.624965
3.098402 -0.629806
3.106013 -0.633923
3.115063 -0.638593
3.123948 -0.642578
3.132908 -0.646392
3.142832 -0.649549
3.153118 -0.652956
3.163191 -0.655596
3.173333 -0.657962
3.184688 -0.659956
3.195865 -0.662134
3.206965 -0.662970
3.218827 -0.664342
3.230342 -0.664905
3.242431 -0.664950
3.254097 -0.664142
3.266156 -0.663301
3.278272 -0.661435
3.290765 -0.659453
3.302696 -0.656639
3.314994 -0.653679
3.326667 -0.649935
3.339182 -0.645706
3.350511 -0.641024
3.361250 -0.636830
3.371755 -0.631692
3.382057 -0.626158
3.393127 -0.620036
3.403385 -0.613325
3.413360 -0.606201
3.423621 -0.598803
3.433005 -0.590916
3.442060 -0.582653
3.451047 -0.574568
3.459448 -0.565641
3.467794 -0.556896
3.474969 -0.548386
3.482677 -0.539074
3.489594 -0.530558
3.496253 -0.521840
3.503236 -0.512845
3.510557 -0.503569
3.516892 -0.494779
3.523589 -0.485714
3.530088 -0.476506
3.536817 -0.467581
3.542829 -0.458699
3.549239 -0.449541
3.556064 -0.440111
3.561979 -0.431910
3.568469 -0.422891
3.574861 -0.413802
3.580506 -0.405412
3.586699 -0.396186
3.593178 -0.387849
3.599167 -0.379118
3.604844 -0.372073
3.611232 -0.363665
3.617436 -0.356399
3.623824 -0.347992
3.629564 -0.340353
3.635906 -0.331911
3.642150 -0.324032
3.647848 -0.316363
3.654144 -0.307886
3.660345 -0.299973
3.666073 -0.291694
3.672301 -0.283166
3.678437 -0.275203
3.684030 -0.267457
3.689667 -0.259116
3.695197 -0.251324
3.700705 -0.243517
3.706252 -0.235115
3.711159 -0.227494
3.716614 -0.219033
3.720953 -0.211019
3.725204 -0.202958
3.729367 -0.194852
3.732917 -0.186962
3.736899 -0.178175
3.740243 -0.169612
3.743447 -0.160994
3.746003 -0.152621
3.748374 -0.143624
3.751046 -0.134259
3.753049 -0.125172
3.754791 -0.115469
3.756295 -0.105725
3.757466 -0.095378
3.758465 -0.085570
3.758655 -0.075565
3.758980 -0.065156
3.758863 -0.054186
3.758008 -0.043652
3.757206 -0.032710
3.755905 -0.022788
3.754899 -0.012981
3.753417 -0.002673
3.751312 0.007110
3.748978 0.017829
3.745723 0.028474
3.742695 0.039018
3.738753 0.049428
3.734709 0.060225
3.730070 0.070343
3.725303 0.080840
3.719987 0.090620
3.714330 0.100207
3.708506 0.110156
3.702211 0.119337
3.695726 0.128868
3.689271 0.137237
3.682547 0.145391
3.675161 0.154243
3.667920 0.161942
3.660432 0.169400
3.652705 0.176610
3.644747 0.183564
3.637061 0.190591
3.628702 0.197058
3.620136 0.203248
3.611912 0.208950
3.603522 0.214404
3.594421 0.219778
3.585576 0.225273
3.576730 0.229954
3.567749 0.234368
3.559773 0.238289
3.551135 0.242113
3.542395 0.245701
3.533562 0.249050
3.524066 0.252207
3.514802 0.255579
3.505725 0.258198
3.496581 0.260569
3.487375 0.262691
3.478692 0.264588
3.469965 0.266272
3.461444 0.268280
3.453226 0.269645
3.444979 0.270832
3.437280 0.271923
3.430131 0.272959
3.422594 0.274328
3.415417 0.275150
3.409359 0.276081
3.403292 0.276947
3.396822 0.278175
3.391302 0.279051
3.385775 0.279881
3.380803 0.280798
3.375826 0.281688
3.371405 0.282685
3.366577 0.284083
3.361187 0.285346
3.356515 0.287279
3.351290 0.289106
3.346069 0.290948
3.341024 0.293352
3.335039 0.296099
3.329647 0.299013
3.323336 0.302310
3.317634 0.305779
3.311614 0.309772
3.305082 0.313775
3.298487 0.318865
3.291177 0.323494
3.284437 0.329288
3.277571 0.334720
3.270195 0.341261
3.263864 0.347499
3.257406 0.354394
3.250549 0.361477
3.243023 0.369272
3.236869 0.377164
3.230954 0.385236
3.224697 0.393560
3.219252 0.401956
3.213888 0.411062
3.208977 0.419782
3.203758 0.428793
3.199230 0.438343
3.195121 0.447467
3.190820 0.456338
3.187212 0.465673
3.183400 0.474764
3.180350 0.483705
3.177544 0.492726
3.175001 0.501242
3.172667 0.509819
3.170543 0.518449
3.168609 0.526553
3.166357 0.535012
3.164224 0.542936
3.162221 0.550894
3.159331 0.558977
3.156927 0.566169
3.153630 0.574058
3.150831 0.581617
3.148479 0.588272
3.144751 0.595966
3.141355 0.602153
3.137981 0.608901
3.133583 0.615722
3.129591 0.622170
3.125064 0.628905
3.119975 0.635903
3.114792 0.642831
3.109499 0.649103
3.104105 0.655287
3.098104 0.661660
3.091983 0.667919
3.085226 0.674316
3.078855 0.680320
3.071842 0.686436
3.065232 0.692175
3.057976 0.698001
3.050595 0.703667
3.043196 0.708593
3.036112 0.713736
3.028378 0.718910
3.020674 0.723343
3.012864 0.727586
3.005348 0.732074
2.997927 0.735860
2.990803 0.739933
2.983243 0.743433
2.976179 0.746685
2.969056 0.749802
2.962217 0.753256
2.954995 0.756140
2.948295 0.758839
2.941552 0.761429
2.934767 0.763909
2.927943 0.766278
2.921082 0.768535
2.914184 0.770680
2.907252 0.772712
2.900865 0.774648
2.894452 0.776497
2.888014 0.778259
2.882129 0.779970
2.876225 0.781617
2.871454 0.783290
2.866099 0.784890
2.861306 0.786498
2.856504 0.788080
2.852268 0.789690
2.848027 0.791288
2.843208 0.792818
2.838954 0.794382
2.834349 0.796396
2.830319 0.798469
2.825719 0.800496
2.821352 0.803043
2.816422 0.805562
2.811740 0.808614
2.807083 0.811704
2.801872 0.814791
2.796935 0.818422
2.791139 0.822558
2.786281 0.826296
2.780857 0.831067
2.775223 0.835421
2.769931 0.840337
2.763856 0.845854
2.757872 0.851469
2.751980 0.857181
2.745931 0.863509
2.740003 0.869951
2.734199 0.876505
2.728303 0.883703
2.721981 0.891110
2.716382 0.898543
2.710368 0.906201
2.704500 0.913973
2.699355 0.921726
2.693809 0.929730
2.687846 0.937987
2.682456 0.946747
2.676247 0.955391
2.670718 0.963944
2.664875 0.972196
2.658465 0.981273
2.652710 0.990225
2.647162 0.998679
2.641156 1.007398
2.635222 1.016165
2.629432 1.024402
2.623687 1.032670
2.617442 1.041184
2.611765 1.049499
2.605656 1.057483
2.600089 1.065248
2.594002 1.073249
2.587983 1.080668
2.581944 1.088072
2.575884 1.095459
2.569880 1.102250
2.563840 1.109007
2.557763 1.115732
2.551192 1.122047
2.545101 1.128095
2.538412 1.134283
2.531655 1.140399
2.524949 1.145866
2.518169 1.151241
2.510759 1.156683
2.503965 1.161286
2.496382 1.166483
2.489442 1.170862
2.482431 1.175126
2.474784 1.179388
2.468764 1.183191
2.461564 1.187128
2.454872 1.190858
2.448130 1.194496
2.440765 1.198116
2.433343 1.201615
2.426106 1.204459
2.418564 1.207694
2.410971 1.210806
2.403328 1.213794
2.395637 1.216656
2.387619 1.219906
2.380424 1.222540
2.373479 1.225586
2.366214 1.229078
2.359807 1.232040
2.353086 1.235466
2.346638 1.239385
2.339909 1.243823
2.334076 1.247797
2.327111 1.252814
2.321356 1.257871
2.314551 1.264052
2.308690 1.269796
2.301842 1.276720
2.295481 1.284251
2.289306 1.291936
2.282532 1.300393
2.276362 1.309464
2.270466 1.318716
2.264849 1.328140
2.259381 1.338290
2.254134 1.349180
2.249185 1.360821
2.244751 1.372067
2.241217 1.383805
2.237604 1.396512
2.234509 1.408777
2.231884 1.421151
2.230283 1.433873
2.228673 1.446420
2.227542 1.459018
2.227470 1.471841
2.227368 1.484490
2.228340 1.497276
2.229453 1.510440
2.231290 1.522560
2.233849 1.535125
2.236594 1.548048
2.240200 1.560353
2.243729 1.572500
2.248325 1.584471
2.253165 1.596764
2.258149 1.608390
2.264171 1.619711
2.270290 1.630333
2.277061 1.641676
2.284288 1.652735
2.291521 1.663112
2.299597 1.673567
2.307904 1.684866
2.316679 1.695271
2.325792 1.705930
2.335242 1.716858
2.344529 1.727195
2.354643 1.738110
2.365061 1.748120
2.375837 1.758381
2.386914 1.768316
2.398284 1.777916
2.409935 1.787172
2.421750 1.795487
2.434081 1.804582
2.446224 1.811596
2.459099 1.819903
2.472195 1.827858
2.485116 1.834321
2.498664 1.841479
2.512624 1.848821
2.526759 1.855820
2.541308 1.863017
2.555421 1.869890
2.570516 1.877024
2.585745 1.883869
2.601384 1.890951
2.617425 1.898302
2.633565 1.905434
2.650398 1.913383
2.667296 1.921195
2.684257 1.928869
2.702195 1.937951
2.720730 1.948073
2.737425 1.957368
2.754361 1.967275
2.771216 1.977319
2.786790 1.987575
2.803094 1.998544
2.818045 2.009768
2.831823 2.021810
2.844666 2.034199
2.855932 2.046876
2.866744 2.059942
2.876492 2.073290
2.884836 2.085754
2.892735 2.098504
2.899818 2.112509
2.906285 2.126808
2.911614 2.141738
2.916735 2.156573
2.920125 2.171661
2.923258 2.187202
2.925117 2.202554
2.926271 2.217409
2.926580 2.232870
2.926091 2.248326
2.924980 2.263184
2.923144 2.277971
2.920588 2.292650
2.917203 2.306187
2.912884 2.320050
2.908171 2.334185
2.902482 2.347545
2.896112 2.360593
2.889077 2.373296
2.882185 2.384774
2.874358 2.396326
2.865976 2.407482
2.856606 2.418574
2.846204 2.429502
2.835658 2.438942
2.824615 2.447796
2.812577 2.456890
2.800597 2.465094
2.788208 2.472668
2.775151 2.481375
2.761728 2.489506
2.747681 2.498216
2.733153 2.506967
2.718905 2.515112
2.704014 2.523928
2.688097 2.532956
2.671725 2.542110
2.654905 2.551419
2.637055 2.560926
2.619597 2.570044
2.602308 2.579384
2.585489 2.588501
2.568307 2.597975
2.549260 2.607225
2.530382 2.616739
2.510524 2.626536
2.490848 2.635585
2.471647 2.644426
2.452350 2.653059
2.432060 2.661928
2.412270 2.670657
2.392132 2.678623
2.372157 2.686919
2.352440 2.694545
2.332311 2.702459
2.313042 2.709814
2.292786 2.717400
2.272813 2.724324
2.251830 2.731398
2.231356 2.738375
2.210602 2.744563
2.189982 2.751093
2.170258 2.757123
2.150696 2.763613
2.130536 2.769901
2.109762 2.775925
2.088940 2.781780
2.067495 2.787297
2.046954 2.792293
2.025966 2.797523
2.004937 2.802581
1.983700 2.806828
1.962566 2.811428
1.941805 2.815415
1.920587 2.819612
1.899755 2.823203
1.879020 2.827211
1.857705 2.830888
1.836792 2.833968
1.815411 2.837239
1.794442 2.839921
1.773003 2.842785
1.751987 2.845068
1.731043 2.847773
1.711078 2.850216
1.691101 2.852550
1.669574 2.854655
1.648030 2.856585
1.626935 2.857952
1.605359 2.859471
1.584242 2.860437
1.562641 2.861546
1.540506 2.862188
1.519370 2.862523
1.497745 2.862985
1.476092 2.862612
1.454975 2.862915
1.433841 2.862445
1.412214 2.862085
1.391093 2.861213
1.369477 2.860442
1.348376 2.859169
1.326798 2.857326
1.306770 2.854919
1.286784 2.852186
1.267906 2.848554
1.250040 2.845249
1.232312 2.841017
1.214783 2.835767
1.197529 2.829413
1.180491 2.822500
1.165237 2.815088
1.150254 2.807142
1.135778 2.798076
1.122624 2.788781
1.109860 2.778958
1.097797 2.768066
1.086535 2.757136
1.075758 2.745728
1.066331 2.734409
1.057186 2.722154
1.049214 2.709566
1.041274 2.696498
1.034533 2.683210
1.028450 2.669608
1.023039 2.655726
1.018313 2.641595
1.014310 2.627829
1.010951 2.614472
1.008197 2.600403
1.006148 2.585645
1.004409 2.569887
1.003810 2.555000
1.003346 2.540276
1.003843 2.524431
1.004501 2.508751
1.005431 2.492672
1.006859 2.475651
1.008723 2.459227
1.010493 2.441919
1.012826 2.424678
1.014751 2.407020
1.017101 2.388410
1.019926 2.368857
1.022882 2.349862
1.025959 2.330408
1.029404 2.311016
1.032572 2.291623
1.035732 2.271737
1.038728 2.252346
1.041618 2.232441
1.044739 2.211555
1.048626 2.190776
1.052484 2.169493
1.056115 2.148689
1.060508 2.128011
1.064886 2.106829
1.069672 2.086239
1.074451 2.065144
1.079628 2.044648
1.084807 2.023648
1.089946 2.003673
1.095036 1.983177
1.100671 1.962295
1.106475 1.941459
1.112010 1.921078
1.118097 1.900323
1.124354 1.879618
1.130516 1.859935
1.136657 1.839729
1.142908 1.819557
1.149900 1.799607
1.156021 1.779927
1.162821 1.760455
1.170082 1.740081
1.178136 1.719977
1.185365 1.700134
1.193177 1.679965
1.201773 1.660087
1.210022 1.640092
1.218433 1.620165
1.227619 1.600553
1.236342 1.580222
1.245404 1.561123
1.254069 1.541864
1.263338 1.522321
1.272864 1.503450
1.281997 1.484409
1.291741 1.465098
1.301726 1.446466
1.310810 1.427965
1.319943 1.409488
1.328615 1.391348
1.335762 1.374158
1.342767 1.356911
1.348139 1.340605
1.353244 1.324214
1.356749 1.309387
1.359339 1.294285
1.361657 1.279687
1.362726 1.265832
1.363211 1.251393
1.362996 1.237925
1.362136 1.223927
1.360624 1.210962
1.358411 1.197532
1.356302 1.184228
1.353097 1.171992
1.349439 1.158881
