0.000000 0.000000
0.000000 0.000000
0.000000 0.000000
0.000000 0.000000
0.000000 0.000000
0.000000 0.000000
0.000000 0.000000
0.000000 0.000000
0.000000 0.000000
0.000000 0.000000
0.000502 -0.000273
0.001503 -0.000825
0.002508 -0.000833
0.004013 -0.001121
0.006023 -0.001143
0.008034 -0.001165
0.010044 -0.001186
0.013060 -0.001219
0.015570 -0.001525
0.018086 -0.001281
0.021101 -0.001313
0.024616 -0.001633
0.027632 -0.001674
0.030647 -0.001715
0.033663 -0.001756
0.036679 -0.001797
0.039694 -0.001838
0.043208 -0.002167
0.046730 -0.001943
0.049746 -0.001984
0.053267 -0.001750
0.057288 -0.001794
0.061814 -0.000991
0.067339 -0.000146
0.072359 0.000452
0.077376 0.001077
0.082390 0.001730
0.086905 0.002112
0.091420 0.002506
0.095934 0.002913
0.099953 0.003033
0.103973 0.003153
0.108486 0.003572
0.112505 0.003704
0.116524 0.003835
0.120543 0.003966
0.124562 0.004097
0.128069 0.004493
0.132087 0.004635
0.136106 0.004777
0.139612 0.005182
0.143138 0.005035
0.146644 0.005440
0.150662 0.005593
0.153676 0.005708
0.157694 0.005861
0.161712 0.006013
0.164726 0.006128
0.168744 0.006281
0.172270 0.006134
0.175776 0.006539
0.179302 0.006392
0.182316 0.006498
0.186335 0.006640
0.189349 0.006747
0.193368 0.006889
0.196893 0.006732
0.200418 0.006566
0.204948 0.006417
0.209477 0.006256
0.214014 0.005515
0.220051 0.005037
0.226083 0.003950
0.233616 0.003073
0.241636 0.001834
0.250668 0.001069
0.260700 0.000226
0.271242 -0.000390
0.283791 -0.001105
0.296827 -0.002181
0.310861 -0.003373
0.325407 -0.004357
0.341473 -0.005144
0.358024 -0.006271
0.375092 -0.007153
0.393163 -0.008087
0.411198 -0.009661
0.429225 -0.011334
0.447766 -0.012817
0.467829 -0.014127
0.488415 -0.015143
0.509523 -0.015804
0.530116 -0.016652
0.551229 -0.017141
0.572344 -0.017516
0.593461 -0.017776
0.615090 -0.017607
0.636208 -0.017580
0.657833 -0.017117
0.678949 -0.016803
0.700565 -0.016708
0.721678 -0.016222
0.742788 -0.015621
0.763894 -0.014906
0.784996 -0.014075
0.806094 -0.013131
0.827185 -0.012071
0.848784 -0.011212
0.869839 -0.009323
0.890935 -0.008521
0.910512 -0.007450
0.930601 -0.006631
0.952632 -0.004404
0.973678 -0.002658
0.994715 -0.000797
1.016744 0.001246
1.037759 0.003335
1.059235 0.005908
1.080689 0.008655
1.102120 0.011577
1.123598 0.014016
1.144996 0.017171
1.165909 0.020115
1.186805 0.023172
1.207684 0.026343
1.228545 0.029628
1.249389 0.033025
1.270662 0.036934
1.291457 0.040614
1.313226 0.044563
1.333980 0.048469
1.354271 0.052082
1.374002 0.055989
1.394263 0.059767
1.415385 0.064424
1.436038 0.068837
1.457095 0.073781
1.478110 0.078896
1.499222 0.083536
1.520182 0.088879
1.541096 0.094393
1.562377 0.100514
1.583752 0.106222
1.604526 0.112246
1.624846 0.117994
1.644328 0.122968
1.663809 0.127942
1.683037 0.131845
1.701734 0.135790
1.720453 0.139633
1.738906 0.142317
1.756840 0.144964
1.773930 0.146594
1.790600 0.147545
1.807366 0.147551
1.823131 0.147025
1.838400 0.145752
1.853141 0.143719
1.866309 0.140886
1.880384 0.137626
1.893822 0.133617
1.905575 0.128939
1.918683 0.123956
1.931056 0.118282
1.943203 0.112142
1.956243 0.105923
1.970217 0.099636
1.985558 0.092870
2.000922 0.086335
2.016739 0.079659
2.033606 0.073016
2.050981 0.066334
2.068669 0.059042
2.086498 0.052166
2.105235 0.044854
2.124156 0.038053
2.143077 0.031252
2.162944 0.024111
2.183031 0.017590
2.203152 0.011179
2.222728 0.004728
