3.500000 0.000000 3.500000 0.000000
3.500000 0.000000 3.500000 0.000000
3.500000 0.000000 3.500000 0.000000
3.500000 0.000000 3.500000 0.000000
3.500000 0.000000 3.500000 0.251327
3.500000 0.502655 3.500000 0.251327
3.500000 0.753982 3.500000 0.502655
3.500000 1.256637 3.500000 1.005310
3.500000 1.256637 3.500000 1.256637
3.500000 1.759292 3.500000 1.256637
3.500000 2.010619 3.500000 1.759292
3.500000 2.261947 3.500000 2.261947
3.500000 2.010619 3.500000 2.261947
3.500000 2.261947 3.500000 2.513274
3.500000 2.513274 3.500000 2.764602
3.500000 2.513274 3.500000 2.764602
3.500000 2.513274 3.500000 3.015929
3.500000 2.764602 3.500000 2.764602
3.500000 2.764602 3.500000 3.015929
3.500000 3.015929 3.500000 3.015929
3.500000 3.015929 3.500000 3.015929
3.500000 3.015929 3.500000 3.267256
3.500000 2.764602 3.500000 3.015929
3.500000 3.015929 3.500000 3.267256
3.500000 3.267256 3.500000 3.267256
3.500000 3.015929 3.500000 3.015929
3.500000 3.015929 3.500000 3.267256
3.500000 3.015929 3.500000 3.015929
3.500000 3.267256 3.500000 3.267256
3.500000 3.015929 3.500000 3.267256
3.500000 3.267256 3.500000 3.015929
3.500000 3.267256 3.500000 3.267256
3.500000 3.267256 3.500000 3.015929
3.500000 3.267256 3.500000 3.267256
3.500000 3.267256 3.500000 3.267256
3.500000 3.015929 3.500000 3.267256
3.500000 3.267256 3.500000 3.267256
3.500000 3.015929 3.500000 3.518584
3.500000 3.015929 3.500000 3.267256
3.500000 3.267256 3.500000 3.267256
3.500000 3.267256 3.500000 3.267256
3.500000 3.267256 3.500000 3.267256
3.500000 3.015929 3.500000 3.518584
3.500000 3.267256 3.500000 3.267256
3.500000 3.015929 3.500000 3.015929
3.500000 3.267256 3.500000 3.518584
3.500000 3.015929 3.500000 2.764602
3.500000 3.267256 3.500000 3.518584
3.500000 3.267256 3.500000 3.015929
3.500000 3.015929 3.500000 3.518584
3.500000 3.267256 3.500000 3.518584
3.500000 3.267256 3.500000 3.267256
3.500000 3.267256 3.500000 3.518584
3.500000 3.267256 3.500000 3.518584
3.500000 3.267256 3.500000 3.518584
3.500000 3.267256 3.500000 3.518584
3.500000 3.267256 3.500000 3.267256
3.500000 3.267256 3.500000 3.518584
3.500000 3.267256 3.500000 3.518584
3.500000 3.015929 3.500000 3.769911
3.500000 3.267256 3.500000 3.267256
3.500000 3.518584 3.500000 3.518584
3.500000 3.015929 3.500000 3.518584
3.500000 3.518584 3.500000 3.518584
3.500000 3.267256 3.500000 3.518584
3.500000 3.267256 3.500000 3.267256
3.500000 3.267256 3.500000 3.518584
3.500000 3.267256 3.500000 3.518584
3.500000 3.015929 3.500000 3.267256
3.500000 3.267256 3.500000 3.518584
3.500000 3.267256 3.500000 3.267256
3.500000 3.267256 3.500000 3.518584
3.500000 3.267256 3.500000 3.518584
3.500000 3.267256 3.500000 3.518584
3.500000 3.267256 3.500000 3.518584
3.500000 3.267256 3.500000 3.267256
3.500000 3.015929 3.500000 3.518584
3.500000 3.267256 3.500000 3.518584
3.500000 3.015929 3.500000 3.518584
3.500000 3.267256 3.500000 3.267256
3.500000 3.267256 3.500000 3.267256
3.500000 3.267256 3.500000 3.518584
3.500000 3.267256 3.500000 3.015929
3.500000 3.015929 3.500000 3.518584
3.500000 3.267256 3.500000 3.267256
3.500000 3.015929 3.500000 3.518584
3.500000 3.267256 3.500000 3.518584
3.500000 3.267256 3.500000 3.518584
3.500000 3.267256 3.500000 3.518584
3.500000 3.267256 3.500000 3.518584
3.500000 3.015929 3.500000 3.518584
3.500000 3.267256 3.500000 3.518584
3.500000 3.267256 3.500000 3.518584
3.500000 3.267256 3.500000 3.518584
3.500000 3.015929 3.500000 3.267256
3.500000 3.267256 3.500000 3.518584
3.500000 3.267256 3.500000 3.518584
3.500000 3.267256 3.500000 3.518584
3.500000 3.015929 3.500000 3.518584
3.500000 3.267256 3.500000 3.518584
3.500000 3.267256 3.500000 3.518584
3.500000 3.267256 3.500000 3.518584
3.500000 3.267256 3.500000 3.518584
3.500000 3.267256 3.500000 3.267256
3.500000 3.518584 3.500000 3.518584
3.500000 3.267256 3.500000 3.267256
3.500000 3.267256 3.500000 3.518584
3.500000 3.267256 3.500000 3.267256
3.500000 3.267256 3.500000 3.518584
3.500000 3.267256 3.500000 3.518584
3.500000 3.015929 3.500000 3.267256
3.500000 3.267256 3.500000 3.518584
3.500000 3.267256 3.500000 3.267256
3.500000 3.015929 3.500000 3.518584
3.500000 3.267256 3.500000 3.267256
3.500000 3.267256 3.500000 3.518584
3.500000 3.267256 3.500000 3.267256
3.500000 3.267256 3.500000 3.267256
3.500000 3.267256 3.500000 3.267256
3.500000 3.015929 3.500000 3.267256
3.500000 3.267256 3.500000 2.764602
3.500000 3.267256 3.500000 3.518584
3.500000 3.267256 3.500000 3.769911
3.500000 3.267256 3.500000 3.518584
3.500000 3.267256 3.500000 3.267256
3.500000 3.267256 3.500000 3.518584
3.500000 3.267256 3.500000 3.518584
3.500000 3.267256 3.500000 3.518584
3.500000 3.267256 3.500000 3.267256
3.500000 3.267256 3.500000 3.518584
3.500000 3.267256 3.500000 3.518584
3.500000 3.518584 3.500000 3.518584
3.500000 3.267256 3.500000 3.518584
3.500000 3.267256 3.500000 3.518584
3.500000 3.267256 3.500000 3.518584
3.500000 3.267256 3.500000 3.518584
3.500000 3.267256 3.500000 3.518584
3.500000 3.267256 3.500000 3.518584
3.500000 3.267256 3.500000 3.518584
3.500000 3.267256 3.500000 3.518584
3.500000 3.267256 3.500000 3.267256
3.500000 3.267256 3.500000 3.518584
3.500000 3.267256 3.500000 3.267256
3.500000 3.267256 3.500000 3.518584
3.500000 3.267256 3.500000 3.518584
3.500000 3.267256 3.500000 3.518584
3.500000 3.015929 3.500000 3.518584
3.500000 3.267256 3.500000 3.267256
3.500000 3.267256 3.500000 3.518584
3.500000 3.518584 3.500000 3.769911
3.500000 3.267256 3.500000 3.518584
3.500000 3.267256 3.500000 3.518584
3.500000 3.267256 3.500000 3.518584
3.500000 3.267256 3.500000 3.267256
3.500000 3.267256 3.500000 3.518584
3.500000 3.267256 3.500000 3.267256
3.500000 3.267256 3.500000 3.015929
3.500000 3.267256 3.500000 3.518584
3.500000 3.267256 3.500000 3.518584
3.500000 3.267256 3.500000 3.769911
3.500000 3.267256 3.500000 3.518584
3.500000 3.267256 3.500000 3.518584
3.500000 3.267256 3.500000 3.769911
3.500000 3.267256 3.500000 3.518584
3.500000 3.267256 3.500000 3.518584
3.500000 3.267256 3.500000 3.518584
3.500000 3.518584 3.500000 3.769911
3.500000 3.267256 3.500000 3.769911
3.500000 3.267256 3.500000 3.769911
3.500000 3.267256 3.500000 3.769911
3.500000 3.267256 3.500000 3.518584
3.500000 3.518584 3.500000 3.518584
3.500000 3.267256 3.500000 3.769911
3.500000 3.267256 3.500000 3.518584
3.500000 3.518584 3.500000 3.518584
3.500000 3.267256 3.500000 3.518584
3.500000 3.267256 3.500000 3.518584
3.500000 3.518584 3.500000 3.518584
3.500000 3.267256 3.500000 3.518584
3.500000 3.267256 3.500000 3.518584
3.500000 3.267256 3.500000 3.518584
3.500000 3.267256 3.500000 3.518584
3.500000 3.267256 3.500000 3.518584
3.500000 3.518584 3.500000 3.769911
3.500000 3.267256 3.500000 3.518584
3.500000 3.267256 3.500000 3.518584
3.500000 3.267256 3.500000 3.518584
3.500000 3.518584 3.500000 3.518584
3.500000 3.267256 3.500000 3.267256
3.500000 3.267256 3.500000 3.769911
3.500000 3.769911 3.500000 3.015929
3.500000 3.267256 3.500000 3.518584
3.500000 3.267256 3.500000 3.267256
3.500000 3.267256 3.500000 3.518584
3.500000 3.267256 3.500000 3.518584
3.500000 3.267256 3.500000 3.518584
3.500000 3.267256 3.500000 3.518584
3.500000 3.518584 3.500000 3.518584
3.500000 3.267256 3.500000 3.518584
3.500000 3.267256 3.500000 3.518584
3.500000 3.267256 3.500000 3.518584
3.500000 3.267256 3.500000 3.769911
3.500000 3.267256 3.500000 3.518584
3.500000 3.267256 3.500000 3.518584
3.500000 3.518584 3.500000 3.518584
3.500000 3.267256 3.500000 3.769911
3.500000 3.267256 3.500000 3.518584
3.500000 3.267256 3.500000 3.518584
3.500000 3.518584 3.500000 3.518584
3.500000 3.267256 3.500000 3.518584
3.500000 3.518584 3.500000 3.518584
3.500000 3.015929 3.500000 3.518584
3.500000 3.518584 3.500000 3.518584
3.500000 3.267256 3.500000 3.518584
3.500000 3.267256 3.500000 3.518584
3.500000 3.267256 3.500000 3.518584
3.500000 3.267256 3.500000 3.518584
3.500000 3.518584 3.500000 3.518584
3.500000 3.267256 3.500000 3.518584
3.500000 3.267256 3.500000 3.518584
3.500000 3.267256 3.500000 3.518584
3.500000 3.267256 3.500000 3.518584
3.500000 3.267256 3.500000 3.518584
3.500000 3.518584 3.500000 3.518584
3.500000 3.267256 3.500000 3.518584
3.500000 3.267256 3.500000 3.015929
3.500000 3.267256 3.500000 3.518584
3.500000 3.267256 3.500000 3.267256
3.500000 3.267256 3.500000 3.518584
3.500000 3.267256 3.500000 3.518584
3.500000 3.267256 3.500000 3.518584
3.500000 3.267256 3.500000 3.518584
3.500000 3.518584 3.500000 3.518584
3.500000 3.518584 3.500000 3.518584
3.500000 3.267256 3.500000 3.518584
3.500000 3.267256 3.500000 3.769911
3.500000 3.267256 3.500000 3.518584
3.500000 3.518584 3.500000 3.518584
3.500000 3.267256 3.500000 3.769911
3.500000 3.267256 3.500000 3.518584
3.500000 3.518584 3.500000 3.769911
3.500000 3.267256 3.500000 3.518584
3.500000 3.267256 3.500000 3.769911
3.500000 3.518584 3.500000 3.518584
3.500000 3.267256 3.500000 3.518584
3.500000 3.518584 3.500000 3.769911
3.500000 3.267256 3.500000 3.518584
3.500000 3.518584 3.500000 3.518584
3.500000 3.267256 3.500000 3.518584
3.500000 3.518584 3.500000 3.518584
3.500000 3.267256 3.500000 3.769911
3.500000 3.267256 3.500000 3.518584
3.500000 3.518584 3.500000 3.518584
3.500000 3.267256 3.500000 3.769911
3.500000 3.518584 3.500000 3.518584
3.500000 3.518584 3.500000 3.518584
3.500000 3.267256 3.500000 3.769911
3.500000 3.267256 3.500000 3.518584
3.500000 3.267256 3.500000 3.769911
3.500000 3.518584 3.500000 3.518584
3.500000 3.015929 3.500000 3.015929
3.500000 3.518584 3.500000 3.518584
3.500000 3.267256 3.500000 3.267256
3.500000 3.267256 3.500000 3.518584
3.500000 3.267256 3.500000 3.518584
3.500000 3.518584 3.500000 3.518584
3.500000 3.267256 3.500000 3.518584
3.500000 3.267256 3.500000 3.518584
3.500000 3.267256 3.500000 3.518584
3.500000 3.518584 3.500000 3.769911
3.500000 3.267256 3.500000 3.518584
3.500000 3.267256 3.500000 3.769911
3.500000 3.267256 3.500000 3.518584
3.500000 3.267256 3.500000 3.518584
3.500000 3.518584 3.500000 3.769911
3.500000 3.518584 3.500000 3.518584
3.500000 3.267256 3.500000 3.769911
3.500000 3.267256 3.500000 3.769911
3.500000 3.267256 3.500000 3.518584
3.500000 3.267256 3.500000 3.518584
3.500000 3.267256 3.500000 3.518584
3.500000 3.267256 3.500000 3.518584
3.500000 3.267256 3.500000 3.518584
3.500000 3.267256 3.500000 3.518584
3.500000 3.518584 3.500000 3.518584
3.500000 3.267256 3.500000 3.518584
3.500000 3.267256 3.500000 3.518584
3.500000 3.518584 3.500000 3.518584
3.500000 3.267256 3.500000 3.518584
3.500000 3.267256 3.500000 3.518584
3.500000 3.267256 3.500000 3.518584
3.500000 3.267256 3.500000 3.518584
3.500000 3.267256 3.500000 3.769911
3.500000 3.267256 3.500000 3.518584
3.500000 3.518584 3.500000 3.267256
3.500000 3.267256 3.500000 3.267256
3.500000 3.267256 3.500000 3.267256
3.500000 3.267256 3.500000 3.015929
3.500000 3.267256 3.500000 3.518584
3.500000 3.015929 3.500000 3.518584
3.500000 3.267256 3.500000 3.267256
3.500000 3.267256 3.500000 3.518584
3.500000 3.267256 3.500000 3.518584
3.500000 3.267256 3.500000 3.518584
3.500000 3.267256 3.500000 3.518584
3.500000 3.518584 3.500000 3.518584
3.500000 3.267256 3.500000 3.518584
3.500000 3.267256 3.500000 3.769911
3.500000 3.267256 3.500000 3.518584
3.500000 3.267256 3.500000 3.518584
3.500000 3.267256 3.500000 3.518584
3.500000 3.267256 3.500000 3.769911
3.500000 3.267256 3.500000 3.267256
3.500000 3.015929 3.500000 3.769911
3.500000 3.267256 3.500000 3.518584
3.500000 3.267256 3.500000 3.518584
3.500000 3.267256 3.500000 3.518584
3.500000 3.267256 3.500000 3.518584
3.500000 3.267256 3.500000 3.518584
3.500000 3.267256 3.500000 3.518584
3.500000 3.267256 3.500000 3.518584
3.500000 3.267256 3.500000 3.518584
3.500000 3.267256 3.500000 3.518584
3.500000 3.518584 3.500000 3.518584
3.500000 3.267256 3.500000 3.518584
3.500000 3.267256 3.500000 3.518584
3.500000 3.267256 3.500000 3.518584
3.500000 3.267256 3.500000 3.769911
3.500000 3.518584 3.500000 3.518584
3.500000 3.267256 3.500000 3.267256
3.500000 3.267256 3.500000 3.769911
3.500000 3.267256 3.500000 3.015929
3.500000 3.267256 3.500000 3.769911
3.500000 3.267256 3.500000 3.015929
3.500000 3.267256 3.500000 3.518584
3.500000 3.267256 3.500000 3.518584
3.500000 3.267256 3.500000 3.518584
3.500000 3.267256 3.500000 3.518584
3.500000 3.267256 3.500000 3.769911
3.500000 3.267256 3.500000 3.518584
3.500000 3.267256 3.500000 3.769911
3.500000 3.267256 3.500000 3.518584
3.500000 3.267256 3.500000 3.769911
3.500000 3.267256 3.500000 3.518584
3.500000 3.015929 3.500000 3.769911
3.500000 3.267256 3.500000 3.518584
3.500000 3.518584 3.500000 3.518584
3.500000 3.267256 3.500000 3.518584
3.500000 3.267256 3.500000 3.769911
3.500000 3.267256 3.500000 3.518584
3.500000 3.267256 3.500000 3.769911
3.500000 3.267256 3.500000 3.518584
3.500000 3.267256 3.500000 3.518584
3.500000 3.267256 3.500000 3.518584
3.500000 3.267256 3.500000 3.518584
3.500000 3.267256 3.500000 3.769911
3.500000 3.267256 3.500000 3.518584
3.500000 3.267256 3.500000 3.518584
3.500000 3.267256 3.500000 3.518584
3.500000 3.267256 3.500000 3.518584
3.500000 3.267256 3.500000 3.518584
3.500000 3.267256 3.500000 3.769911
3.500000 3.267256 3.500000 3.769911
3.500000 3.267256 3.500000 3.518584
3.500000 3.267256 3.500000 3.518584
3.500000 3.267256 3.500000 3.518584
3.500000 3.267256 3.500000 3.015929
3.500000 3.267256 3.500000 3.518584
3.500000 3.267256 3.500000 3.267256
3.500000 3.267256 3.500000 3.267256
3.500000 3.267256 3.500000 3.518584
3.500000 3.267256 3.500000 3.518584
3.500000 3.267256 3.500000 3.518584
3.500000 3.267256 3.500000 3.518584
3.500000 3.015929 3.500000 3.769911
3.500000 3.267256 3.500000 3.518584
3.500000 3.267256 3.500000 3.518584
3.500000 3.267256 3.500000 3.518584
3.500000 3.015929 3.500000 3.518584
3.500000 3.518584 3.500000 3.518584
3.500000 3.015929 3.500000 3.518584
3.500000 3.267256 3.500000 3.518584
3.500000 3.267256 3.500000 3.518584
3.500000 3.267256 3.500000 3.518584
3.500000 3.267256 3.500000 3.518584
3.500000 3.267256 3.500000 3.518584
3.500000 3.267256 3.500000 3.518584
3.500000 3.267256 3.500000 3.518584
3.500000 3.015929 3.500000 3.518584
3.500000 3.267256 3.500000 3.267256
3.500000 3.267256 3.500000 3.518584
3.500000 3.518584 3.500000 3.518584
3.500000 3.015929 3.500000 3.518584
3.500000 3.267256 3.500000 3.518584
3.500000 3.267256 3.500000 3.267256
3.500000 3.267256 3.500000 3.518584
3.500000 3.267256 3.500000 3.518584
3.500000 3.267256 3.500000 3.518584
3.500000 3.267256 3.500000 3.518584
3.500000 3.267256 3.500000 3.518584
3.500000 3.015929 3.500000 3.267256
3.500000 3.267256 3.500000 3.518584
3.500000 3.267256 3.500000 3.015929
3.500000 3.267256 3.500000 3.267256
3.500000 3.267256 3.500000 3.015929
3.500000 3.267256 3.500000 3.518584
3.500000 3.267256 3.500000 3.267256
3.500000 3.267256 3.500000 3.769911
3.500000 3.015929 3.500000 3.518584
3.500000 3.267256 3.500000 3.518584
3.500000 3.267256 3.500000 3.518584
3.500000 3.267256 3.500000 3.518584
3.500000 3.015929 3.500000 3.518584
3.500000 3.267256 3.500000 3.518584
3.500000 3.267256 3.500000 3.518584
3.500000 3.267256 3.500000 3.518584
