2.000000 0.000000 2.000000 0.000000
2.000000 0.000000 2.000000 0.000000
2.000000 0.000000 2.000000 0.000000
2.000000 0.000000 2.000000 0.000000
2.000000 0.000000 2.000000 0.000000
2.000000 0.000000 2.000000 0.000000
2.000000 0.000000 2.000000 0.000000
2.000000 0.000000 2.000000 0.000000
2.000000 0.000000 2.000000 0.000000
2.000000 0.251327 2.000000 0.251327
2.000000 0.251327 2.000000 0.000000
2.000000 0.502655 2.000000 0.251327
2.000000 0.502655 2.000000 0.251327
2.000000 0.753982 2.000000 0.502655
2.000000 0.753982 2.000000 0.502655
2.000000 0.753982 2.000000 0.753982
2.000000 1.256637 2.000000 0.753982
2.000000 0.753982 2.000000 0.753982
2.000000 1.005310 2.000000 0.753982
2.000000 1.256637 2.000000 0.753982
2.000000 1.005310 2.000000 0.753982
2.000000 1.507964 2.000000 0.753982
2.000000 1.005310 2.000000 0.753982
2.000000 1.256637 2.000000 0.753982
2.000000 1.256637 2.000000 1.005310
2.000000 1.256637 2.000000 1.005310
2.000000 1.005310 2.000000 1.005310
2.000000 1.256637 2.000000 1.005310
2.000000 1.005310 2.000000 1.005310
2.000000 1.507964 2.000000 1.005310
2.000000 1.256637 2.000000 1.005310
2.000000 1.005310 2.000000 1.256637
2.000000 1.256637 2.000000 1.005310
2.000000 1.005310 2.000000 1.005310
2.000000 1.507964 2.000000 1.005310
2.000000 1.256637 2.000000 1.256637
2.000000 1.005310 2.000000 1.005310
2.000000 1.256637 2.000000 1.005310
2.000000 1.005310 2.000000 1.256637
2.000000 1.256637 2.000000 1.005310
2.000000 1.256637 2.000000 1.005310
2.000000 1.005310 2.000000 1.256637
2.000000 1.507964 2.000000 1.005310
2.000000 1.005310 2.000000 1.005310
2.000000 1.256637 2.000000 1.256637
2.000000 1.005310 2.000000 1.005310
2.000000 1.256637 2.000000 1.005310
2.000000 1.256637 2.000000 1.256637
2.000000 1.256637 2.000000 1.005310
2.000000 1.256637 2.000000 1.005310
2.000000 1.005310 2.000000 1.256637
2.000000 1.256637 2.000000 1.005310
2.000000 1.005310 2.000000 1.256637
2.000000 1.256637 2.000000 1.005310
2.000000 1.256637 2.000000 1.005310
2.000000 1.005310 2.000000 1.256637
2.000000 1.256637 2.000000 1.005310
2.000000 1.256637 2.000000 1.256637
2.000000 1.005310 2.000000 1.005310
2.000000 1.256637 2.000000 1.005310
2.000000 1.005310 2.000000 1.256637
2.000000 1.507964 2.000000 1.005310
2.000000 1.005310 2.000000 1.256637
2.000000 1.256637 2.000000 1.005310
2.000000 1.256637 2.000000 1.005310
2.000000 1.256637 2.000000 1.256637
2.000000 1.256637 2.000000 1.005310
2.000000 1.005310 2.000000 1.256637
2.000000 1.256637 2.000000 1.005310
2.000000 1.256637 2.000000 1.256637
2.000000 1.256637 2.000000 1.256637
2.000000 1.256637 2.000000 1.005310
2.000000 1.256637 2.000000 1.256637
2.000000 1.256637 2.000000 1.005310
2.000000 1.256637 2.000000 1.256637
2.000000 1.005310 2.000000 1.005310
2.000000 1.256637 2.000000 1.256637
2.000000 1.256637 2.000000 1.256637
2.000000 1.256637 2.000000 1.005310
2.000000 1.005310 2.000000 1.256637
2.000000 1.256637 2.000000 1.005310
2.000000 1.507964 2.000000 1.256637
2.000000 1.256637 2.000000 1.005310
2.000000 1.005310 2.000000 1.005310
2.000000 1.256637 2.000000 1.256637
2.000000 1.256637 2.000000 1.005310
2.000000 1.256637 2.000000 1.256637
2.000000 1.256637 2.000000 1.005310
2.000000 1.256637 2.000000 1.256637
2.000000 1.256637 2.000000 1.005310
2.000000 1.256637 2.000000 1.256637
2.000000 1.256637 2.000000 1.005310
2.000000 1.256637 2.000000 1.256637
2.000000 1.507964 2.000000 1.005310
2.000000 1.005310 2.000000 1.256637
2.000000 1.256637 2.000000 1.005310
2.000000 1.256637 2.000000 1.256637
2.000000 1.759292 2.000000 1.256637
2.000000 1.005310 2.000000 1.005310
2.000000 1.256637 2.000000 1.256637
2.000000 1.256637 2.000000 1.256637
2.000000 1.256637 2.000000 0.753982
2.000000 1.256637 2.000000 1.256637
2.000000 1.005310 2.000000 1.005310
2.000000 1.256637 2.000000 1.256637
2.000000 1.256637 2.000000 1.256637
2.000000 1.256637 2.000000 0.753982
2.000000 1.005310 2.000000 1.256637
2.000000 1.256637 2.000000 1.005310
2.000000 1.256637 2.000000 1.256637
2.000000 1.256637 2.000000 1.005310
2.000000 1.507964 2.000000 1.256637
2.000000 1.256637 2.000000 0.753982
2.000000 1.256637 2.000000 1.256637
2.000000 1.256637 2.000000 1.005310
2.000000 1.256637 2.000000 1.256637
2.000000 1.256637 2.000000 1.256637
2.000000 1.256637 2.000000 1.005310
2.000000 1.507964 2.000000 1.256637
2.000000 1.256637 2.000000 1.005310
2.000000 1.256637 2.000000 1.256637
2.000000 1.256637 2.000000 1.005310
2.000000 1.256637 2.000000 1.256637
2.000000 1.256637 2.000000 1.256637
2.000000 1.256637 2.000000 1.005310
2.000000 1.256637 2.000000 1.256637
2.000000 1.256637 2.000000 1.256637
2.000000 1.256637 2.000000 1.256637
2.000000 1.256637 2.000000 1.005310
2.000000 1.256637 2.000000 1.256637
2.000000 1.256637 2.000000 1.256637
2.000000 1.256637 2.000000 1.256637
2.000000 1.005310 2.000000 1.005310
2.000000 1.256637 2.000000 1.256637
2.000000 1.256637 2.000000 1.256637
2.000000 1.256637 2.000000 1.005310
2.000000 1.005310 2.000000 1.256637
2.000000 1.256637 2.000000 1.005310
2.000000 1.256637 2.000000 1.256637
2.000000 1.256637 2.000000 1.005310
2.000000 1.256637 2.000000 1.256637
2.000000 1.256637 2.000000 1.256637
2.000000 1.256637 2.000000 1.005310
2.000000 1.005310 2.000000 1.256637
2.000000 1.256637 2.000000 1.256637
2.000000 1.759292 2.000000 1.005310
2.000000 1.256637 2.000000 1.256637
2.000000 1.256637 2.000000 1.005310
2.000000 1.256637 2.000000 1.256637
2.000000 1.256637 2.000000 1.256637
2.000000 1.256637 2.000000 1.005310
2.000000 1.507964 2.000000 1.256637
2.000000 1.256637 2.000000 1.256637
2.000000 1.005310 2.000000 1.005310
2.000000 1.507964 2.000000 1.256637
2.000000 1.005310 2.000000 1.005310
2.000000 1.507964 2.000000 1.256637
2.000000 1.005310 2.000000 1.256637
2.000000 1.507964 2.000000 1.005310
2.000000 1.256637 2.000000 1.256637
2.000000 1.256637 2.000000 1.256637
2.000000 1.256637 2.000000 1.005310
2.000000 1.256637 2.000000 1.256637
2.000000 1.256637 2.000000 1.256637
2.000000 1.256637 2.000000 1.005310
2.000000 1.507964 2.000000 1.256637
2.000000 1.256637 2.000000 1.256637
2.000000 1.507964 2.000000 1.256637
2.000000 1.256637 2.000000 1.256637
2.000000 1.256637 2.000000 1.256637
2.000000 1.256637 2.000000 1.005310
2.000000 1.256637 2.000000 1.256637
2.000000 1.256637 2.000000 1.005310
2.000000 1.507964 2.000000 1.256637
2.000000 1.256637 2.000000 1.256637
2.000000 1.256637 2.000000 1.256637
2.000000 1.256637 2.000000 1.005310
2.000000 1.256637 2.000000 1.256637
2.000000 1.256637 2.000000 1.256637
2.000000 1.256637 2.000000 1.256637
2.000000 1.256637 2.000000 1.005310
2.000000 1.256637 2.000000 1.256637
2.000000 1.256637 2.000000 1.256637
2.000000 1.256637 2.000000 1.005310
2.000000 1.256637 2.000000 1.256637
2.000000 1.256637 2.000000 1.005310
2.000000 1.256637 2.000000 1.256637
2.000000 1.256637 2.000000 1.256637
2.000000 1.256637 2.000000 1.005310
2.000000 1.256637 2.000000 1.256637
2.000000 1.256637 2.000000 1.256637
2.000000 1.256637 2.000000 1.005310
2.000000 1.256637 2.000000 1.256637
2.000000 1.256637 2.000000 1.256637
2.000000 1.256637 2.000000 1.005310
2.000000 1.256637 2.000000 1.256637
2.000000 1.256637 2.000000 1.005310
2.000000 1.256637 2.000000 1.256637
2.000000 1.256637 2.000000 1.256637
2.000000 1.256637 2.000000 1.256637
2.000000 1.256637 2.000000 1.256637
2.000000 1.256637 2.000000 1.005310
2.000000 1.256637 2.000000 1.256637
2.000000 1.256637 2.000000 1.256637
2.000000 1.256637 2.000000 1.256637
2.000000 1.256637 2.000000 1.005310
2.000000 1.256637 2.000000 1.256637
2.000000 1.256637 2.000000 1.256637
2.000000 1.507964 2.000000 1.005310
2.000000 1.256637 2.000000 1.256637
2.000000 1.256637 2.000000 1.256637
2.000000 1.256637 2.000000 1.256637
2.000000 1.256637 2.000000 1.256637
2.000000 1.507964 2.000000 0.753982
2.000000 1.256637 2.000000 1.256637
2.000000 1.256637 2.000000 1.005310
2.000000 1.256637 2.000000 1.256637
2.000000 1.256637 2.000000 1.256637
2.000000 1.256637 2.000000 1.005310
2.000000 1.256637 2.000000 1.256637
2.000000 1.256637 2.000000 1.256637
2.000000 1.256637 2.000000 1.005310
2.000000 1.256637 2.000000 1.256637
2.000000 1.256637 2.000000 1.256637
2.000000 1.507964 2.000000 1.256637
2.000000 1.256637 2.000000 1.005310
2.000000 1.256637 2.000000 1.256637
2.000000 1.256637 2.000000 1.256637
2.000000 1.005310 2.000000 1.256637
2.000000 1.256637 2.000000 1.256637
2.000000 1.256637 2.000000 1.005310
2.000000 1.256637 2.000000 1.256637
2.000000 1.256637 2.000000 1.256637
2.000000 1.256637 2.000000 1.256637
2.000000 1.256637 2.000000 1.256637
2.000000 1.256637 2.000000 1.256637
2.000000 1.256637 2.000000 1.256637
2.000000 1.256637 2.000000 1.005310
2.000000 1.256637 2.000000 1.256637
2.000000 1.256637 2.000000 1.256637
2.000000 1.256637 2.000000 1.256637
2.000000 1.256637 2.000000 1.005310
2.000000 1.256637 2.000000 1.256637
2.000000 1.256637 2.000000 1.256637
2.000000 1.256637 2.000000 1.256637
2.000000 1.256637 2.000000 1.256637
2.000000 1.256637 2.000000 1.005310
2.000000 1.256637 2.000000 1.256637
2.000000 1.256637 2.000000 1.256637
2.000000 1.256637 2.000000 1.256637
2.000000 1.256637 2.000000 1.005310
2.000000 1.256637 2.000000 1.256637
2.000000 1.005310 2.000000 1.256637
2.000000 1.256637 2.000000 1.256637
2.000000 1.256637 2.000000 1.256637
2.000000 1.256637 2.000000 1.005310
2.000000 1.256637 2.000000 1.256637
2.000000 1.256637 2.000000 1.256637
2.000000 1.256637 2.000000 1.256637
2.000000 1.256637 2.000000 1.005310
2.000000 1.256637 2.000000 1.256637
2.000000 1.256637 2.000000 1.256637
2.000000 1.256637 2.000000 1.256637
2.000000 1.256637 2.000000 1.256637
2.000000 1.256637 2.000000 1.256637
2.000000 1.256637 2.000000 1.256637
2.000000 1.256637 2.000000 1.256637
2.000000 1.256637 2.000000 1.256637
2.000000 1.256637 2.000000 1.256637
2.000000 1.507964 2.000000 1.005310
2.000000 1.256637 2.000000 1.256637
2.000000 1.256637 2.000000 1.256637
2.000000 1.256637 2.000000 1.256637
2.000000 1.256637 2.000000 1.256637
2.000000 1.256637 2.000000 1.256637
2.000000 1.256637 2.000000 1.005310
2.000000 1.256637 2.000000 1.256637
2.000000 1.256637 2.000000 1.256637
2.000000 1.256637 2.000000 1.256637
2.000000 1.507964 2.000000 1.005310
