4.250000 0.000000 4.250000 0.000000
4.250000 0.000000 4.250000 0.000000
4.250000 0.000000 4.250000 0.000000
4.250000 0.000000 4.250000 0.000000
4.250000 0.502655 4.250000 0.251327
4.250000 0.753982 4.250000 0.753982
4.250000 1.256637 4.250000 1.005310
4.250000 1.759292 4.250000 1.759292
4.250000 2.010619 4.250000 2.261947
4.250000 2.513274 4.250000 2.513274
4.250000 2.513274 4.250000 2.764602
4.250000 2.764602 4.250000 3.015929
4.250000 3.267256 4.250000 3.015929
4.250000 3.015929 4.250000 3.518584
4.250000 3.267256 4.250000 3.518584
4.250000 3.518584 4.250000 3.518584
4.250000 3.267256 4.250000 3.518584
4.250000 3.769911 4.250000 3.769911
4.250000 3.518584 4.250000 3.015929
4.250000 3.769911 4.250000 3.769911
4.250000 3.518584 4.250000 3.518584
4.250000 3.769911 4.250000 4.021239
4.250000 3.769911 4.250000 4.021239
4.250000 3.769911 4.250000 4.523893
4.250000 3.769911 4.250000 4.272566
4.250000 3.769911 4.250000 4.523893
4.250000 4.021239 4.250000 4.272566
4.250000 4.021239 4.250000 4.523893
4.250000 3.769911 4.250000 4.272566
4.250000 4.021239 4.250000 4.523893
4.250000 3.769911 4.250000 4.523893
4.250000 4.021239 4.250000 4.523893
4.250000 3.769911 4.250000 4.523893
4.250000 4.021239 4.250000 4.523893
4.250000 4.021239 4.250000 4.523893
4.250000 4.021239 4.250000 4.523893
4.250000 3.769911 4.250000 4.523893
4.250000 4.021239 4.250000 4.523893
4.250000 4.021239 4.250000 4.523893
4.250000 4.021239 4.250000 4.523893
4.250000 3.769911 4.250000 4.523893
4.250000 4.272566 4.250000 4.523893
4.250000 3.769911 4.250000 4.775221
4.250000 4.021239 4.250000 4.523893
4.250000 4.021239 4.250000 4.523893
4.250000 4.021239 4.250000 4.523893
4.250000 4.272566 4.250000 4.272566
4.250000 4.021239 4.250000 4.272566
4.250000 4.021239 4.250000 4.021239
4.250000 3.769911 4.250000 4.523893
4.250000 4.021239 4.250000 4.775221
4.250000 4.021239 4.250000 4.523893
4.250000 4.272566 4.250000 4.523893
4.250000 4.021239 4.250000 4.775221
4.250000 4.021239 4.250000 4.523893
4.250000 4.021239 4.250000 4.523893
4.250000 4.021239 4.250000 4.775221
4.250000 4.272566 4.250000 4.523893
4.250000 4.021239 4.250000 4.775221
4.250000 4.021239 4.250000 4.775221
4.250000 4.021239 4.250000 5.026548
4.250000 4.021239 4.250000 4.523893
4.250000 4.021239 4.250000 4.775221
4.250000 4.272566 4.250000 4.523893
4.250000 4.021239 4.250000 4.523893
4.250000 4.021239 4.250000 4.523893
4.250000 4.021239 4.250000 4.775221
4.250000 4.021239 4.250000 4.523893
4.250000 4.021239 4.250000 4.523893
4.250000 4.021239 4.250000 4.523893
4.250000 4.021239 4.250000 4.523893
4.250000 4.021239 4.250000 4.775221
4.250000 4.021239 4.250000 4.272566
4.250000 4.021239 4.250000 4.523893
4.250000 4.021239 4.250000 4.021239
4.250000 4.021239 4.250000 4.272566
4.250000 4.021239 4.250000 4.523893
4.250000 4.021239 4.250000 4.775221
4.250000 4.272566 4.250000 4.775221
4.250000 4.021239 4.250000 4.523893
4.250000 4.021239 4.250000 4.775221
4.250000 3.769911 4.250000 4.523893
4.250000 4.021239 4.250000 4.523893
4.250000 4.272566 4.250000 4.775221
4.250000 4.021239 4.250000 4.775221
4.250000 4.021239 4.250000 4.775221
4.250000 4.021239 4.250000 4.775221
4.250000 4.272566 4.250000 5.026548
4.250000 3.769911 4.250000 4.523893
4.250000 4.272566 4.250000 5.026548
4.250000 4.021239 4.250000 4.523893
4.250000 4.021239 4.250000 4.523893
4.250000 4.272566 4.250000 4.523893
4.250000 4.021239 4.250000 4.523893
4.250000 3.769911 4.250000 4.775221
4.250000 4.021239 4.250000 4.523893
4.250000 4.021239 4.250000 4.523893
4.250000 4.021239 4.250000 4.775221
4.250000 4.021239 4.250000 4.523893
4.250000 4.021239 4.250000 4.775221
4.250000 4.021239 4.250000 4.272566
4.250000 4.021239 4.250000 4.272566
4.250000 4.021239 4.250000 4.272566
4.250000 4.021239 4.250000 4.775221
4.250000 4.021239 4.250000 4.775221
4.250000 4.021239 4.250000 4.523893
4.250000 4.021239 4.250000 4.775221
4.250000 4.021239 4.250000 4.775221
4.250000 4.021239 4.250000 4.523893
4.250000 4.021239 4.250000 4.775221
4.250000 4.021239 4.250000 4.775221
4.250000 4.021239 4.250000 4.775221
4.250000 4.021239 4.250000 4.775221
4.250000 4.021239 4.250000 5.026548
4.250000 4.021239 4.250000 4.775221
4.250000 4.021239 4.250000 4.775221
4.250000 4.272566 4.250000 4.523893
4.250000 4.021239 4.250000 4.523893
4.250000 4.021239 4.250000 4.523893
4.250000 4.021239 4.250000 4.775221
4.250000 4.021239 4.250000 4.523893
4.250000 4.272566 4.250000 4.775221
4.250000 4.021239 4.250000 4.523893
4.250000 4.021239 4.250000 4.523893
4.250000 4.021239 4.250000 4.775221
4.250000 4.021239 4.250000 4.523893
4.250000 4.021239 4.250000 4.272566
4.250000 4.021239 4.250000 4.775221
4.250000 4.021239 4.250000 4.272566
4.250000 4.021239 4.250000 4.272566
4.250000 4.021239 4.250000 4.523893
4.250000 4.021239 4.250000 4.523893
4.250000 4.272566 4.250000 4.775221
4.250000 4.021239 4.250000 4.775221
4.250000 4.021239 4.250000 4.523893
4.250000 4.272566 4.250000 4.523893
4.250000 4.021239 4.250000 4.775221
4.250000 4.021239 4.250000 4.775221
4.250000 4.021239 4.250000 4.775221
4.250000 4.272566 4.250000 4.523893
4.250000 4.021239 4.250000 4.775221
4.250000 4.021239 4.250000 4.775221
4.250000 4.272566 4.250000 4.775221
4.250000 4.021239 4.250000 4.523893
4.250000 4.021239 4.250000 4.523893
4.250000 4.021239 4.250000 4.523893
4.250000 4.272566 4.250000 4.775221
4.250000 4.021239 4.250000 4.523893
4.250000 4.272566 4.250000 4.775221
4.250000 4.021239 4.250000 4.523893
4.250000 4.021239 4.250000 4.775221
4.250000 4.021239 4.250000 4.523893
4.250000 4.272566 4.250000 4.775221
4.250000 4.272566 4.250000 4.775221
4.250000 4.021239 4.250000 4.775221
4.250000 4.272566 4.250000 4.021239
4.250000 4.021239 4.250000 4.272566
4.250000 4.021239 4.250000 4.775221
4.250000 4.021239 4.250000 4.523893
4.250000 4.272566 4.250000 4.775221
4.250000 4.021239 4.250000 4.523893
4.250000 4.021239 4.250000 4.775221
4.250000 4.021239 4.250000 4.775221
4.250000 4.021239 4.250000 4.775221
4.250000 4.272566 4.250000 4.775221
4.250000 4.021239 4.250000 4.775221
4.250000 4.272566 4.250000 5.026548
4.250000 4.272566 4.250000 4.775221
4.250000 4.021239 4.250000 4.775221
4.250000 4.021239 4.250000 4.775221
4.250000 4.021239 4.250000 4.523893
4.250000 4.272566 4.250000 4.775221
4.250000 4.021239 4.250000 4.775221
4.250000 4.021239 4.250000 4.775221
4.250000 4.021239 4.250000 4.523893
4.250000 4.272566 4.250000 4.775221
4.250000 4.021239 4.250000 4.775221
4.250000 4.272566 4.250000 4.775221
4.250000 4.021239 4.250000 4.775221
4.250000 4.272566 4.250000 4.775221
4.250000 4.021239 4.250000 4.775221
4.250000 4.272566 4.250000 4.272566
4.250000 4.021239 4.250000 4.523893
4.250000 4.272566 4.250000 4.523893
4.250000 4.272566 4.250000 4.523893
4.250000 4.021239 4.250000 4.775221
4.250000 4.021239 4.250000 4.775221
4.250000 3.769911 4.250000 4.775221
4.250000 4.021239 4.250000 4.775221
4.250000 4.021239 4.250000 4.775221
4.250000 4.021239 4.250000 5.026548
4.250000 4.272566 4.250000 4.775221
4.250000 4.021239 4.250000 4.775221
4.250000 4.272566 4.250000 4.775221
4.250000 4.021239 4.250000 4.775221
4.250000 4.021239 4.250000 4.775221
4.250000 4.272566 4.250000 4.775221
4.250000 4.021239 4.250000 4.523893
4.250000 4.021239 4.250000 4.775221
4.250000 4.021239 4.250000 4.775221
4.250000 4.272566 4.250000 4.523893
4.250000 4.021239 4.250000 4.775221
4.250000 4.272566 4.250000 4.775221
4.250000 4.021239 4.250000 4.523893
4.250000 4.021239 4.250000 4.775221
4.250000 4.272566 4.250000 4.775221
4.250000 4.021239 4.250000 4.523893
4.250000 4.021239 4.250000 4.775221
4.250000 4.021239 4.250000 4.021239
4.250000 4.272566 4.250000 4.272566
4.250000 4.021239 4.250000 4.775221
4.250000 4.272566 4.250000 4.523893
4.250000 4.021239 4.250000 4.775221
4.250000 4.272566 4.250000 4.775221
4.250000 4.021239 4.250000 4.775221
4.250000 4.272566 4.250000 4.775221
4.250000 4.021239 4.250000 4.775221
4.250000 4.021239 4.250000 4.775221
4.250000 4.021239 4.250000 4.775221
4.250000 4.021239 4.250000 4.775221
4.250000 4.021239 4.250000 4.775221
4.250000 4.272566 4.250000 4.523893
4.250000 4.021239 4.250000 4.775221
4.250000 4.021239 4.250000 4.523893
4.250000 4.272566 4.250000 4.775221
4.250000 4.021239 4.250000 4.523893
4.250000 4.272566 4.250000 4.775221
4.250000 4.021239 4.250000 4.775221
4.250000 4.021239 4.250000 4.523893
4.250000 4.272566 4.250000 4.775221
4.250000 4.272566 4.250000 4.775221
4.250000 4.021239 4.250000 4.775221
4.250000 4.272566 4.250000 4.775221
4.250000 4.021239 4.250000 4.523893
4.250000 4.021239 4.250000 4.272566
4.250000 4.272566 4.250000 4.775221
4.250000 4.021239 4.250000 4.272566
4.250000 4.272566 4.250000 4.775221
4.250000 4.021239 4.250000 4.775221
4.250000 4.021239 4.250000 4.775221
4.250000 4.021239 4.250000 4.775221
4.250000 4.272566 4.250000 4.775221
4.250000 4.021239 4.250000 5.026548
4.250000 4.021239 4.250000 4.775221
4.250000 4.021239 4.250000 4.775221
4.250000 4.272566 4.250000 4.775221
4.250000 4.021239 4.250000 4.775221
4.250000 4.021239 4.250000 4.523893
4.250000 4.021239 4.250000 4.775221
4.250000 4.272566 4.250000 4.775221
4.250000 4.021239 4.250000 4.775221
4.250000 4.021239 4.250000 4.523893
4.250000 4.021239 4.250000 4.775221
