3.000000 0.000000 3.000000 0.000000
3.000000 0.000000 3.000000 0.000000
3.000000 0.000000 3.000000 0.000000
3.000000 0.000000 3.000000 0.000000
3.000000 0.000000 3.000000 0.000000
3.000000 0.000000 3.000000 0.000000
3.000000 0.502655 3.000000 0.251327
3.000000 0.753982 3.000000 0.502655
3.000000 0.753982 3.000000 0.753982
3.000000 1.005310 3.000000 1.005310
3.000000 1.507964 3.000000 1.256637
3.000000 1.507964 3.000000 1.507964
3.000000 1.507964 3.000000 1.507964
3.000000 1.759292 3.000000 1.759292
3.000000 2.010619 3.000000 1.759292
3.000000 1.759292 3.000000 2.010619
3.000000 2.261947 3.000000 2.010619
3.000000 2.010619 3.000000 2.010619
3.000000 2.010619 3.000000 2.261947
3.000000 2.261947 3.000000 2.010619
3.000000 2.010619 3.000000 2.513274
3.000000 2.261947 3.000000 2.261947
3.000000 2.261947 3.000000 2.513274
3.000000 2.010619 3.000000 2.513274
3.000000 2.261947 3.000000 2.764602
3.000000 2.261947 3.000000 2.513274
3.000000 2.261947 3.000000 2.513274
3.000000 2.513274 3.000000 2.513274
3.000000 2.513274 3.000000 2.513274
3.000000 2.261947 3.000000 2.261947
3.000000 2.513274 3.000000 2.513274
3.000000 2.513274 3.000000 2.764602
3.000000 2.261947 3.000000 2.513274
3.000000 2.513274 3.000000 2.513274
3.000000 2.261947 3.000000 2.764602
3.000000 2.513274 3.000000 2.764602
3.000000 2.261947 3.000000 2.513274
3.000000 2.513274 3.000000 2.764602
3.000000 2.513274 3.000000 2.764602
3.000000 2.513274 3.000000 2.513274
3.000000 2.513274 3.000000 2.764602
3.000000 2.261947 3.000000 2.764602
3.000000 2.513274 3.000000 2.764602
3.000000 2.513274 3.000000 2.764602
3.000000 2.261947 3.000000 2.764602
3.000000 2.513274 3.000000 2.513274
3.000000 2.513274 3.000000 2.764602
3.000000 2.261947 3.000000 2.261947
3.000000 2.513274 3.000000 2.764602
3.000000 2.513274 3.000000 2.513274
3.000000 2.513274 3.000000 2.764602
3.000000 2.261947 3.000000 2.764602
3.000000 2.513274 3.000000 2.764602
3.000000 2.513274 3.000000 2.764602
3.000000 2.513274 3.000000 2.764602
3.000000 2.261947 3.000000 2.764602
3.000000 2.513274 3.000000 2.513274
3.000000 2.513274 3.000000 2.764602
3.000000 2.513274 3.000000 2.764602
3.000000 2.513274 3.000000 2.764602
3.000000 2.261947 3.000000 2.764602
3.000000 2.513274 3.000000 2.764602
3.000000 2.513274 3.000000 2.764602
3.000000 2.261947 3.000000 2.764602
3.000000 2.513274 3.000000 2.764602
3.000000 2.513274 3.000000 2.764602
3.000000 2.513274 3.000000 2.764602
3.000000 2.261947 3.000000 2.764602
3.000000 2.513274 3.000000 2.764602
3.000000 2.513274 3.000000 2.764602
3.000000 2.513274 3.000000 2.764602
3.000000 2.261947 3.000000 2.764602
3.000000 2.513274 3.000000 2.764602
3.000000 2.513274 3.000000 2.764602
3.000000 2.513274 3.000000 2.513274
3.000000 2.513274 3.000000 2.764602
3.000000 2.261947 3.000000 2.764602
3.000000 2.513274 3.000000 2.513274
3.000000 2.513274 3.000000 2.764602
3.000000 2.261947 3.000000 2.764602
3.000000 2.513274 3.000000 2.764602
3.000000 2.513274 3.000000 2.764602
3.000000 2.513274 3.000000 2.764602
3.000000 2.513274 3.000000 2.764602
3.000000 2.513274 3.000000 2.513274
3.000000 2.261947 3.000000 2.764602
3.000000 2.513274 3.000000 2.764602
3.000000 2.513274 3.000000 2.764602
3.000000 2.513274 3.000000 2.764602
3.000000 2.513274 3.000000 2.764602
3.000000 2.513274 3.000000 2.764602
3.000000 2.513274 3.000000 2.513274
3.000000 2.513274 3.000000 2.764602
3.000000 2.513274 3.000000 2.261947
3.000000 2.513274 3.000000 2.764602
3.000000 2.513274 3.000000 2.513274
3.000000 2.513274 3.000000 2.513274
3.000000 2.513274 3.000000 2.764602
3.000000 2.513274 3.000000 2.764602
3.000000 2.513274 3.000000 2.764602
3.000000 2.513274 3.000000 2.513274
3.000000 2.513274 3.000000 2.764602
3.000000 2.764602 3.000000 2.764602
3.000000 2.513274 3.000000 2.764602
3.000000 2.513274 3.000000 2.513274
3.000000 2.513274 3.000000 2.764602
3.000000 2.513274 3.000000 3.015929
3.000000 2.513274 3.000000 2.764602
3.000000 2.513274 3.000000 2.764602
3.000000 2.513274 3.000000 2.764602
3.000000 2.513274 3.000000 2.513274
3.000000 2.513274 3.000000 2.764602
3.000000 2.513274 3.000000 2.764602
3.000000 2.261947 3.000000 2.764602
3.000000 2.764602 3.000000 2.764602
3.000000 2.513274 3.000000 2.764602
3.000000 2.513274 3.000000 2.513274
3.000000 2.513274 3.000000 2.764602
3.000000 2.513274 3.000000 2.764602
3.000000 2.513274 3.000000 2.513274
3.000000 2.513274 3.000000 2.764602
3.000000 2.513274 3.000000 2.513274
3.000000 2.513274 3.000000 2.764602
3.000000 2.513274 3.000000 2.764602
3.000000 2.513274 3.000000 2.513274
3.000000 2.513274 3.000000 2.764602
3.000000 2.513274 3.000000 2.764602
3.000000 2.513274 3.000000 2.513274
3.000000 2.513274 3.000000 2.764602
3.000000 2.513274 3.000000 2.764602
3.000000 2.513274 3.000000 2.764602
3.000000 2.261947 3.000000 2.764602
3.000000 2.513274 3.000000 2.764602
3.000000 2.764602 3.000000 2.764602
3.000000 2.513274 3.000000 2.513274
3.000000 2.513274 3.000000 2.764602
3.000000 2.513274 3.000000 2.764602
3.000000 2.513274 3.000000 2.513274
3.000000 2.513274 3.000000 2.764602
3.000000 2.764602 3.000000 2.261947
3.000000 2.513274 3.000000 3.015929
3.000000 2.513274 3.000000 2.764602
3.000000 2.513274 3.000000 2.513274
3.000000 2.513274 3.000000 2.764602
3.000000 2.764602 3.000000 2.764602
3.000000 2.513274 3.000000 2.764602
3.000000 2.513274 3.000000 2.764602
3.000000 2.513274 3.000000 2.764602
3.000000 2.513274 3.000000 2.764602
3.000000 2.513274 3.000000 2.513274
3.000000 2.513274 3.000000 2.764602
3.000000 2.513274 3.000000 2.764602
3.000000 2.513274 3.000000 2.764602
3.000000 2.513274 3.000000 2.764602
3.000000 2.513274 3.000000 2.764602
3.000000 2.513274 3.000000 2.764602
3.000000 2.764602 3.000000 2.764602
3.000000 2.513274 3.000000 2.764602
3.000000 2.513274 3.000000 2.764602
3.000000 2.513274 3.000000 2.764602
3.000000 2.513274 3.000000 2.764602
3.000000 2.513274 3.000000 3.015929
3.000000 2.764602 3.000000 2.764602
3.000000 2.513274 3.000000 2.764602
3.000000 2.513274 3.000000 2.513274
3.000000 2.513274 3.000000 2.764602
3.000000 2.513274 3.000000 2.764602
3.000000 2.764602 3.000000 2.764602
3.000000 2.513274 3.000000 2.764602
3.000000 2.513274 3.000000 2.764602
3.000000 2.513274 3.000000 2.764602
3.000000 2.764602 3.000000 3.015929
3.000000 2.513274 3.000000 3.015929
3.000000 2.513274 3.000000 2.764602
3.000000 2.513274 3.000000 2.764602
3.000000 2.764602 3.000000 2.764602
3.000000 2.513274 3.000000 3.015929
3.000000 2.513274 3.000000 2.764602
3.000000 2.513274 3.000000 2.764602
3.000000 2.764602 3.000000 2.764602
3.000000 2.513274 3.000000 2.764602
3.000000 2.513274 3.000000 3.015929
3.000000 2.764602 3.000000 2.513274
3.000000 2.513274 3.000000 3.015929
3.000000 2.513274 3.000000 2.261947
3.000000 2.764602 3.000000 3.015929
3.000000 2.513274 3.000000 2.513274
3.000000 2.764602 3.000000 2.513274
3.000000 2.513274 3.000000 2.764602
3.000000 2.764602 3.000000 2.764602
3.000000 2.513274 3.000000 3.015929
3.000000 2.764602 3.000000 2.764602
3.000000 2.513274 3.000000 2.764602
3.000000 2.764602 3.000000 2.764602
3.000000 2.513274 3.000000 2.764602
3.000000 2.513274 3.000000 3.015929
3.000000 2.764602 3.000000 2.764602
3.000000 2.513274 3.000000 3.015929
3.000000 2.764602 3.000000 2.764602
3.000000 2.513274 3.000000 3.015929
3.000000 2.513274 3.000000 2.764602
3.000000 2.764602 3.000000 3.015929
3.000000 2.513274 3.000000 2.764602
3.000000 2.764602 3.000000 3.015929
3.000000 2.513274 3.000000 2.764602
3.000000 2.513274 3.000000 3.015929
3.000000 2.513274 3.000000 2.764602
3.000000 2.513274 3.000000 2.764602
3.000000 2.764602 3.000000 2.764602
3.000000 2.513274 3.000000 3.015929
3.000000 2.513274 3.000000 2.764602
3.000000 2.764602 3.000000 3.015929
3.000000 2.513274 3.000000 3.015929
3.000000 2.513274 3.000000 2.764602
3.000000 2.513274 3.000000 2.764602
3.000000 2.764602 3.000000 2.764602
3.000000 2.513274 3.000000 3.015929
3.000000 2.513274 3.000000 2.764602
3.000000 2.513274 3.000000 2.764602
3.000000 2.764602 3.000000 2.764602
3.000000 2.513274 3.000000 2.764602
3.000000 2.513274 3.000000 3.015929
3.000000 2.513274 3.000000 2.513274
3.000000 2.764602 3.000000 3.015929
3.000000 2.513274 3.000000 2.764602
3.000000 2.513274 3.000000 2.764602
3.000000 2.764602 3.000000 3.015929
3.000000 2.513274 3.000000 2.513274
3.000000 2.513274 3.000000 3.015929
3.000000 2.513274 3.000000 2.261947
3.000000 2.764602 3.000000 3.015929
3.000000 2.513274 3.000000 2.261947
3.000000 2.513274 3.000000 2.764602
3.000000 2.764602 3.000000 2.764602
3.000000 2.513274 3.000000 3.015929
3.000000 2.513274 3.000000 2.764602
3.000000 2.764602 3.000000 2.764602
3.000000 2.513274 3.000000 2.764602
3.000000 2.764602 3.000000 3.015929
3.000000 2.513274 3.000000 3.015929
3.000000 2.764602 3.000000 2.764602
3.000000 2.513274 3.000000 3.015929
3.000000 2.764602 3.000000 2.764602
3.000000 2.513274 3.000000 3.015929
3.000000 2.513274 3.000000 2.764602
3.000000 2.764602 3.000000 3.015929
3.000000 2.513274 3.000000 2.764602
3.000000 2.764602 3.000000 3.015929
3.000000 2.513274 3.000000 2.764602
3.000000 2.513274 3.000000 3.015929
3.000000 2.764602 3.000000 2.764602
3.000000 2.513274 3.000000 2.764602
3.000000 2.513274 3.000000 2.764602
3.000000 2.513274 3.000000 3.015929
3.000000 2.764602 3.000000 2.764602
3.000000 2.513274 3.000000 2.764602
3.000000 2.513274 3.000000 3.015929
3.000000 2.513274 3.000000 2.764602
3.000000 2.513274 3.000000 2.764602
3.000000 2.764602 3.000000 2.764602
3.000000 2.513274 3.000000 3.015929
3.000000 2.513274 3.000000 2.764602
3.000000 2.764602 3.000000 2.764602
3.000000 2.513274 3.000000 3.015929
3.000000 2.764602 3.000000 2.764602
3.000000 2.513274 3.000000 2.764602
3.000000 2.513274 3.000000 3.015929
3.000000 2.764602 3.000000 3.015929
3.000000 2.513274 3.000000 2.764602
3.000000 2.764602 3.000000 3.015929
3.000000 2.513274 3.000000 3.015929
3.000000 2.764602 3.000000 2.513274
3.000000 2.513274 3.000000 3.015929
3.000000 2.513274 3.000000 2.261947
3.000000 2.764602 3.000000 3.015929
3.000000 2.513274 3.000000 2.513274
3.000000 2.764602 3.000000 3.015929
3.000000 2.513274 3.000000 2.764602
3.000000 2.513274 3.000000 2.764602
3.000000 2.764602 3.000000 3.015929
3.000000 2.513274 3.000000 3.015929
3.000000 2.513274 3.000000 2.764602
3.000000 2.764602 3.000000 3.015929
3.000000 2.764602 3.000000 3.015929
3.000000 2.513274 3.000000 2.764602
3.000000 2.764602 3.000000 3.015929
3.000000 2.513274 3.000000 3.015929
3.000000 2.764602 3.000000 3.015929
3.000000 2.513274 3.000000 2.764602
3.000000 2.764602 3.000000 3.015929
3.000000 2.513274 3.000000 3.015929
3.000000 2.764602 3.000000 3.015929
3.000000 2.764602 3.000000 3.015929
3.000000 2.513274 3.000000 2.764602
3.000000 2.764602 3.000000 3.015929
3.000000 2.513274 3.000000 2.764602
3.000000 2.764602 3.000000 3.015929
3.000000 2.513274 3.000000 3.015929
3.000000 2.764602 3.000000 3.267256
3.000000 2.513274 3.000000 3.015929
3.000000 2.764602 3.000000 2.764602
3.000000 2.513274 3.000000 3.015929
3.000000 2.764602 3.000000 2.764602
3.000000 2.513274 3.000000 3.015929
3.000000 2.513274 3.000000 2.764602
3.000000 2.764602 3.000000 3.015929
3.000000 2.513274 3.000000 3.015929
3.000000 2.764602 3.000000 2.764602
3.000000 2.764602 3.000000 2.764602
3.000000 2.513274 3.000000 3.015929
3.000000 2.513274 3.000000 3.015929
3.000000 2.764602 3.000000 2.764602
3.000000 2.764602 3.000000 3.015929
3.000000 2.513274 3.000000 3.015929
3.000000 2.764602 3.000000 2.764602
3.000000 2.513274 3.000000 2.764602
3.000000 2.764602 3.000000 2.513274
3.000000 2.764602 3.000000 2.764602
3.000000 2.513274 3.000000 2.513274
3.000000 2.764602 3.000000 3.015929
3.000000 2.513274 3.000000 2.764602
3.000000 2.764602 3.000000 3.015929
3.000000 2.764602 3.000000 2.764602
3.000000 2.513274 3.000000 3.015929
3.000000 2.764602 3.000000 2.764602
3.000000 2.764602 3.000000 3.015929
