5.000000 0.000000 5.000000 0.000000
5.000000 0.000000 5.000000 0.000000
5.000000 0.000000 5.000000 0.000000
5.000000 0.000000 5.000000 0.251327
5.000000 0.753982 5.000000 0.502655
5.000000 1.005310 5.000000 1.256637
5.000000 1.759292 5.000000 1.759292
5.000000 2.010619 5.000000 2.261947
5.000000 2.764602 5.000000 2.764602
5.000000 3.015929 5.000000 3.015929
5.000000 3.267256 5.000000 3.267256
5.000000 3.769911 5.000000 3.769911
5.000000 3.518584 5.000000 4.021239
5.000000 3.769911 5.000000 4.021239
5.000000 4.021239 5.000000 4.523893
5.000000 4.021239 5.000000 4.523893
5.000000 4.272566 5.000000 4.775221
5.000000 4.272566 5.000000 4.775221
5.000000 4.523893 5.000000 5.026548
5.000000 4.523893 5.000000 5.277876
5.000000 4.775221 5.000000 5.529203
5.000000 4.775221 5.000000 5.277876
5.000000 4.775221 5.000000 4.775221
5.000000 5.026548 5.000000 5.026548
5.000000 4.775221 5.000000 5.529203
5.000000 4.775221 5.000000 5.277876
5.000000 4.775221 5.000000 5.529203
5.000000 5.026548 5.000000 5.529203
5.000000 4.775221 5.000000 5.529203
5.000000 4.775221 5.000000 5.277876
5.000000 5.026548 5.000000 5.529203
5.000000 4.775221 5.000000 5.529203
5.000000 4.775221 5.000000 5.529203
5.000000 4.775221 5.000000 5.529203
5.000000 4.775221 5.000000 5.529203
5.000000 4.775221 5.000000 5.277876
5.000000 4.775221 5.000000 5.277876
5.000000 4.775221 5.000000 5.277876
5.000000 4.775221 5.000000 5.277876
5.000000 4.775221 5.000000 5.277876
5.000000 5.026548 5.000000 5.529203
5.000000 4.775221 5.000000 5.277876
5.000000 4.775221 5.000000 5.529203
5.000000 5.026548 5.000000 5.529203
5.000000 4.775221 5.000000 5.026548
5.000000 4.775221 5.000000 5.026548
5.000000 4.775221 5.000000 4.775221
5.000000 4.775221 5.000000 5.529203
5.000000 4.775221 5.000000 5.277876
5.000000 4.775221 5.000000 5.529203
5.000000 4.775221 5.000000 5.277876
5.000000 4.775221 5.000000 5.780530
5.000000 4.775221 5.000000 5.277876
5.000000 4.775221 5.000000 5.277876
5.000000 4.523893 5.000000 5.277876
5.000000 4.775221 5.000000 5.529203
5.000000 4.775221 5.000000 5.529203
5.000000 4.523893 5.000000 5.277876
5.000000 4.775221 5.000000 5.529203
5.000000 4.775221 5.000000 5.277876
5.000000 4.775221 5.000000 5.277876
5.000000 4.523893 5.000000 5.529203
5.000000 4.775221 5.000000 5.529203
5.000000 4.775221 5.000000 5.277876
5.000000 4.775221 5.000000 5.529203
5.000000 4.775221 5.000000 5.529203
5.000000 4.775221 5.000000 5.529203
5.000000 4.523893 5.000000 5.277876
5.000000 4.775221 5.000000 4.775221
5.000000 4.775221 5.000000 5.026548
5.000000 4.523893 5.000000 5.277876
5.000000 4.775221 5.000000 5.529203
5.000000 4.775221 5.000000 5.277876
5.000000 4.523893 5.000000 5.529203
5.000000 4.775221 5.000000 5.277876
5.000000 4.775221 5.000000 5.277876
5.000000 4.775221 5.000000 5.529203
5.000000 5.026548 5.000000 5.529203
5.000000 4.775221 5.000000 5.529203
5.000000 4.775221 5.000000 5.529203
5.000000 4.775221 5.000000 5.277876
5.000000 4.523893 5.000000 5.529203
5.000000 4.775221 5.000000 5.277876
5.000000 4.775221 5.000000 5.026548
5.000000 4.775221 5.000000 5.529203
5.000000 4.775221 5.000000 5.277876
5.000000 4.775221 5.000000 5.529203
5.000000 4.523893 5.000000 5.277876
5.000000 4.775221 5.000000 5.277876
5.000000 4.775221 5.000000 5.529203
5.000000 4.775221 5.000000 5.026548
5.000000 5.026548 5.000000 5.026548
5.000000 4.775221 5.000000 5.026548
5.000000 4.775221 5.000000 5.026548
5.000000 4.775221 5.000000 5.277876
5.000000 4.775221 5.000000 5.277876
5.000000 4.775221 5.000000 5.529203
5.000000 4.775221 5.000000 5.277876
5.000000 4.775221 5.000000 5.277876
5.000000 4.775221 5.000000 5.529203
5.000000 4.775221 5.000000 5.277876
5.000000 4.775221 5.000000 5.529203
5.000000 4.775221 5.000000 5.780530
5.000000 4.775221 5.000000 5.277876
5.000000 4.775221 5.000000 5.529203
5.000000 4.775221 5.000000 5.277876
5.000000 4.775221 5.000000 5.026548
5.000000 4.775221 5.000000 5.529203
5.000000 4.775221 5.000000 5.277876
5.000000 4.775221 5.000000 5.277876
5.000000 4.775221 5.000000 5.529203
5.000000 4.775221 5.000000 5.529203
5.000000 4.775221 5.000000 5.277876
5.000000 4.523893 5.000000 5.277876
5.000000 4.775221 5.000000 5.277876
5.000000 4.775221 5.000000 5.026548
5.000000 4.775221 5.000000 4.775221
5.000000 4.775221 5.000000 5.277876
5.000000 4.523893 5.000000 5.529203
5.000000 5.026548 5.000000 5.277876
5.000000 4.775221 5.000000 5.529203
5.000000 4.775221 5.000000 5.277876
5.000000 4.775221 5.000000 5.277876
5.000000 4.775221 5.000000 5.529203
5.000000 4.775221 5.000000 5.529203
5.000000 4.775221 5.000000 5.277876
5.000000 4.775221 5.000000 5.529203
5.000000 4.775221 5.000000 5.277876
5.000000 4.775221 5.000000 5.277876
5.000000 4.775221 5.000000 5.277876
5.000000 4.775221 5.000000 5.026548
5.000000 4.775221 5.000000 5.529203
5.000000 4.775221 5.000000 5.277876
5.000000 4.775221 5.000000 5.277876
5.000000 4.775221 5.000000 5.277876
5.000000 4.775221 5.000000 5.529203
5.000000 4.775221 5.000000 5.026548
5.000000 4.775221 5.000000 5.277876
5.000000 4.775221 5.000000 5.026548
5.000000 4.775221 5.000000 5.026548
5.000000 4.775221 5.000000 5.026548
5.000000 4.775221 5.000000 5.529203
5.000000 5.026548 5.000000 5.277876
5.000000 4.775221 5.000000 5.529203
5.000000 4.775221 5.000000 5.277876
5.000000 4.775221 5.000000 5.780530
5.000000 5.026548 5.000000 5.529203
5.000000 4.775221 5.000000 5.529203
5.000000 5.026548 5.000000 5.529203
5.000000 4.775221 5.000000 5.529203
5.000000 4.775221 5.000000 5.529203
5.000000 5.026548 5.000000 5.277876
5.000000 4.775221 5.000000 5.277876
5.000000 5.026548 5.000000 5.277876
5.000000 4.775221 5.000000 5.529203
5.000000 4.775221 5.000000 5.277876
5.000000 4.775221 5.000000 5.529203
5.000000 4.775221 5.000000 5.277876
5.000000 4.775221 5.000000 5.529203
5.000000 5.026548 5.000000 5.277876
5.000000 4.775221 5.000000 5.277876
5.000000 4.775221 5.000000 5.026548
5.000000 4.775221 5.000000 5.026548
5.000000 4.775221 5.000000 5.277876
5.000000 4.775221 5.000000 5.529203
5.000000 4.775221 5.000000 5.277876
5.000000 5.026548 5.000000 5.529203
5.000000 4.775221 5.000000 5.529203
5.000000 4.775221 5.000000 5.529203
5.000000 5.026548 5.000000 5.529203
5.000000 4.775221 5.000000 5.529203
5.000000 4.775221 5.000000 5.529203
5.000000 4.775221 5.000000 5.529203
5.000000 5.026548 5.000000 5.529203
5.000000 4.775221 5.000000 5.277876
5.000000 4.775221 5.000000 5.529203
5.000000 5.026548 5.000000 5.277876
5.000000 4.775221 5.000000 5.529203
5.000000 4.775221 5.000000 5.277876
5.000000 5.026548 5.000000 5.529203
5.000000 4.775221 5.000000 5.529203
5.000000 4.775221 5.000000 5.277876
5.000000 5.026548 5.000000 5.277876
5.000000 4.775221 5.000000 5.277876
5.000000 5.026548 5.000000 5.277876
5.000000 4.775221 5.000000 5.026548
5.000000 4.775221 5.000000 5.026548
5.000000 4.775221 5.000000 5.529203
5.000000 5.026548 5.000000 5.277876
5.000000 4.775221 5.000000 5.529203
5.000000 4.775221 5.000000 5.529203
5.000000 4.775221 5.000000 5.529203
5.000000 4.775221 5.000000 5.277876
5.000000 4.775221 5.000000 5.529203
5.000000 5.026548 5.000000 5.277876
5.000000 4.775221 5.000000 5.529203
5.000000 5.026548 5.000000 5.277876
5.000000 4.775221 5.000000 5.529203
5.000000 5.026548 5.000000 5.277876
5.000000 4.775221 5.000000 5.277876
5.000000 5.026548 5.000000 5.529203
5.000000 5.026548 5.000000 5.529203
5.000000 4.775221 5.000000 5.529203
5.000000 5.026548 5.000000 5.277876
5.000000 4.775221 5.000000 5.529203
5.000000 5.026548 5.000000 5.277876
5.000000 4.775221 5.000000 5.529203
5.000000 5.026548 5.000000 5.277876
5.000000 5.026548 5.000000 5.026548
5.000000 4.775221 5.000000 5.026548
5.000000 5.026548 5.000000 5.529203
5.000000 4.775221 5.000000 5.529203
5.000000 5.026548 5.000000 5.277876
5.000000 4.775221 5.000000 5.529203
5.000000 5.026548 5.000000 5.529203
5.000000 4.775221 5.000000 5.529203
5.000000 4.775221 5.000000 5.780530
5.000000 4.775221 5.000000 5.529203
5.000000 5.026548 5.000000 5.529203
5.000000 5.026548 5.000000 5.529203
5.000000 4.775221 5.000000 5.277876
5.000000 5.026548 5.000000 5.529203
5.000000 4.775221 5.000000 5.529203
5.000000 4.775221 5.000000 5.529203
5.000000 5.026548 5.000000 5.277876
5.000000 4.775221 5.000000 5.529203
5.000000 5.026548 5.000000 5.529203
5.000000 4.775221 5.000000 5.277876
5.000000 4.775221 5.000000 5.529203
5.000000 4.775221 5.000000 5.277876
5.000000 4.775221 5.000000 5.277876
5.000000 5.026548 5.000000 5.529203
5.000000 4.775221 5.000000 5.277876
5.000000 4.775221 5.000000 5.529203
5.000000 5.026548 5.000000 5.277876
5.000000 4.775221 5.000000 5.529203
5.000000 5.026548 5.000000 5.529203
5.000000 4.775221 5.000000 5.529203
5.000000 4.775221 5.000000 5.529203
