4.000000 0.000000 4.000000 0.000000
4.000000 0.000000 4.000000 0.000000
4.000000 0.000000 4.000000 0.000000
4.000000 0.000000 4.000000 0.000000
4.000000 0.251327 4.000000 0.251327
4.000000 0.753982 4.000000 0.753982
4.000000 1.005310 4.000000 0.753982
4.000000 1.507964 4.000000 1.507964
4.000000 2.010619 4.000000 1.759292
4.000000 2.010619 4.000000 2.261947
4.000000 2.513274 4.000000 2.010619
4.000000 2.513274 4.000000 2.764602
4.000000 2.764602 4.000000 2.764602
4.000000 3.015929 4.000000 3.015929
4.000000 3.015929 4.000000 3.015929
4.000000 3.267256 4.000000 3.015929
4.000000 3.267256 4.000000 3.267256
4.000000 3.267256 4.000000 3.267256
4.000000 3.518584 4.000000 3.518584
4.000000 3.267256 4.000000 3.518584
4.000000 3.267256 4.000000 3.518584
4.000000 3.518584 4.000000 3.769911
4.000000 3.267256 4.000000 3.769911
4.000000 3.769911 4.000000 3.769911
4.000000 3.518584 4.000000 4.021239
4.000000 3.518584 4.000000 4.021239
4.000000 3.518584 4.000000 3.769911
4.000000 3.518584 4.000000 4.021239
4.000000 3.769911 4.000000 4.021239
4.000000 3.518584 4.000000 4.021239
4.000000 3.518584 4.000000 4.021239
4.000000 3.518584 4.000000 4.021239
4.000000 3.769911 4.000000 4.272566
4.000000 3.518584 4.000000 4.021239
4.000000 3.769911 4.000000 4.021239
4.000000 3.518584 4.000000 4.272566
4.000000 3.769911 4.000000 4.021239
4.000000 3.518584 4.000000 4.021239
4.000000 3.769911 4.000000 4.272566
4.000000 3.518584 4.000000 4.021239
4.000000 3.518584 4.000000 4.021239
4.000000 3.769911 4.000000 4.272566
4.000000 3.518584 4.000000 3.769911
4.000000 3.769911 4.000000 3.769911
4.000000 3.769911 4.000000 4.021239
4.000000 3.518584 4.000000 4.272566
4.000000 3.518584 4.000000 4.272566
4.000000 3.769911 4.000000 4.021239
4.000000 3.769911 4.000000 4.523893
4.000000 3.769911 4.000000 4.272566
4.000000 3.518584 4.000000 4.272566
4.000000 3.769911 4.000000 4.523893
4.000000 3.769911 4.000000 4.272566
4.000000 3.769911 4.000000 4.272566
4.000000 3.769911 4.000000 4.523893
4.000000 3.769911 4.000000 4.272566
4.000000 3.769911 4.000000 4.523893
4.000000 3.769911 4.000000 4.272566
4.000000 3.769911 4.000000 4.272566
4.000000 3.769911 4.000000 4.523893
4.000000 3.769911 4.000000 4.272566
4.000000 3.769911 4.000000 4.272566
4.000000 3.769911 4.000000 4.272566
4.000000 3.769911 4.000000 4.272566
4.000000 3.769911 4.000000 4.272566
4.000000 3.518584 4.000000 4.272566
4.000000 3.769911 4.000000 4.523893
4.000000 3.769911 4.000000 4.523893
4.000000 3.518584 4.000000 4.272566
4.000000 3.769911 4.000000 4.272566
4.000000 3.769911 4.000000 4.272566
4.000000 3.518584 4.000000 4.021239
4.000000 3.769911 4.000000 3.769911
4.000000 3.769911 4.000000 4.272566
4.000000 3.769911 4.000000 4.272566
4.000000 3.518584 4.000000 4.272566
4.000000 3.769911 4.000000 4.272566
4.000000 3.769911 4.000000 4.272566
4.000000 3.518584 4.000000 4.523893
4.000000 3.769911 4.000000 4.272566
4.000000 3.769911 4.000000 4.523893
4.000000 3.518584 4.000000 4.272566
4.000000 3.769911 4.000000 4.523893
4.000000 3.769911 4.000000 4.272566
4.000000 3.769911 4.000000 4.272566
4.000000 3.769911 4.000000 4.523893
4.000000 3.769911 4.000000 4.272566
4.000000 3.769911 4.000000 4.272566
4.000000 3.769911 4.000000 4.523893
4.000000 3.769911 4.000000 4.272566
4.000000 3.769911 4.000000 4.021239
4.000000 3.769911 4.000000 4.272566
4.000000 3.518584 4.000000 4.775221
4.000000 3.769911 4.000000 4.021239
4.000000 3.769911 4.000000 4.272566
4.000000 4.021239 4.000000 4.272566
4.000000 3.769911 4.000000 4.272566
4.000000 3.518584 4.000000 4.523893
4.000000 3.769911 4.000000 4.021239
4.000000 3.769911 4.000000 4.272566
4.000000 3.518584 4.000000 3.769911
4.000000 3.769911 4.000000 3.769911
4.000000 3.769911 4.000000 4.272566
4.000000 3.518584 4.000000 4.272566
4.000000 3.769911 4.000000 4.021239
4.000000 3.769911 4.000000 4.272566
4.000000 3.769911 4.000000 4.523893
4.000000 3.769911 4.000000 4.523893
4.000000 3.518584 4.000000 4.272566
4.000000 3.769911 4.000000 4.272566
4.000000 3.769911 4.000000 4.272566
4.000000 3.769911 4.000000 4.272566
4.000000 3.769911 4.000000 4.272566
4.000000 3.518584 4.000000 4.523893
4.000000 3.769911 4.000000 4.272566
4.000000 3.769911 4.000000 4.272566
4.000000 3.769911 4.000000 4.272566
4.000000 3.518584 4.000000 4.272566
4.000000 3.769911 4.000000 4.272566
4.000000 3.769911 4.000000 4.272566
4.000000 3.769911 4.000000 4.272566
4.000000 3.518584 4.000000 4.272566
4.000000 3.769911 4.000000 4.021239
4.000000 3.769911 4.000000 4.272566
4.000000 3.769911 4.000000 4.272566
4.000000 3.769911 4.000000 4.272566
4.000000 3.769911 4.000000 4.272566
4.000000 4.021239 4.000000 4.523893
4.000000 3.769911 4.000000 4.272566
4.000000 3.518584 4.000000 3.769911
4.000000 4.021239 4.000000 4.272566
4.000000 3.518584 4.000000 3.769911
4.000000 3.769911 4.000000 4.272566
4.000000 3.769911 4.000000 4.272566
4.000000 3.769911 4.000000 4.272566
4.000000 3.518584 4.000000 4.272566
4.000000 3.769911 4.000000 4.523893
4.000000 3.769911 4.000000 4.272566
4.000000 3.518584 4.000000 4.272566
4.000000 3.769911 4.000000 4.272566
4.000000 3.769911 4.000000 4.523893
4.000000 3.769911 4.000000 4.272566
4.000000 3.769911 4.000000 4.272566
4.000000 3.769911 4.000000 4.523893
4.000000 3.769911 4.000000 4.523893
4.000000 3.769911 4.000000 4.272566
4.000000 3.769911 4.000000 4.272566
4.000000 3.769911 4.000000 4.272566
4.000000 3.769911 4.000000 4.272566
4.000000 3.769911 4.000000 4.272566
4.000000 3.769911 4.000000 4.272566
4.000000 3.769911 4.000000 4.272566
4.000000 3.769911 4.000000 4.272566
4.000000 3.769911 4.000000 4.523893
4.000000 3.769911 4.000000 4.523893
4.000000 3.769911 4.000000 4.272566
4.000000 4.021239 4.000000 4.523893
4.000000 3.769911 4.000000 4.021239
4.000000 3.769911 4.000000 4.021239
4.000000 3.769911 4.000000 4.021239
4.000000 3.769911 4.000000 4.021239
4.000000 3.769911 4.000000 4.272566
4.000000 3.769911 4.000000 4.272566
4.000000 3.769911 4.000000 4.523893
4.000000 3.769911 4.000000 4.272566
4.000000 3.769911 4.000000 4.272566
4.000000 3.769911 4.000000 4.523893
4.000000 3.769911 4.000000 4.272566
4.000000 3.769911 4.000000 4.523893
4.000000 3.769911 4.000000 4.272566
4.000000 3.769911 4.000000 4.272566
4.000000 3.769911 4.000000 4.523893
4.000000 3.769911 4.000000 4.272566
4.000000 3.769911 4.000000 4.523893
4.000000 3.769911 4.000000 4.272566
4.000000 3.769911 4.000000 4.272566
4.000000 3.769911 4.000000 4.272566
4.000000 3.769911 4.000000 4.272566
4.000000 4.021239 4.000000 4.272566
4.000000 3.769911 4.000000 4.021239
4.000000 3.769911 4.000000 4.272566
4.000000 3.769911 4.000000 4.523893
4.000000 3.769911 4.000000 4.272566
4.000000 3.769911 4.000000 4.272566
4.000000 3.769911 4.000000 4.523893
4.000000 3.769911 4.000000 4.272566
4.000000 3.769911 4.000000 4.272566
4.000000 4.021239 4.000000 3.769911
4.000000 3.769911 4.000000 4.021239
4.000000 3.769911 4.000000 4.272566
4.000000 3.769911 4.000000 4.523893
4.000000 3.769911 4.000000 4.272566
4.000000 3.769911 4.000000 4.523893
4.000000 3.769911 4.000000 4.272566
4.000000 3.769911 4.000000 4.523893
4.000000 3.769911 4.000000 4.272566
4.000000 4.021239 4.000000 4.523893
4.000000 3.769911 4.000000 4.523893
4.000000 3.769911 4.000000 4.272566
4.000000 3.769911 4.000000 4.272566
4.000000 3.769911 4.000000 4.523893
4.000000 3.518584 4.000000 4.272566
4.000000 4.021239 4.000000 4.523893
4.000000 3.518584 4.000000 4.272566
4.000000 3.769911 4.000000 4.523893
4.000000 4.021239 4.000000 4.272566
4.000000 3.769911 4.000000 4.272566
4.000000 3.518584 4.000000 4.272566
4.000000 4.021239 4.000000 4.272566
4.000000 3.769911 4.000000 4.523893
4.000000 3.769911 4.000000 4.523893
4.000000 3.769911 4.000000 4.272566
4.000000 3.769911 4.000000 4.523893
4.000000 3.769911 4.000000 4.272566
4.000000 4.021239 4.000000 4.523893
4.000000 3.769911 4.000000 4.523893
4.000000 3.769911 4.000000 4.021239
4.000000 3.769911 4.000000 3.769911
4.000000 3.769911 4.000000 4.272566
4.000000 3.769911 4.000000 4.523893
4.000000 3.769911 4.000000 4.523893
4.000000 4.021239 4.000000 4.272566
4.000000 3.769911 4.000000 4.523893
4.000000 3.769911 4.000000 4.523893
4.000000 3.769911 4.000000 4.523893
4.000000 3.769911 4.000000 4.523893
4.000000 4.021239 4.000000 4.272566
4.000000 3.518584 4.000000 4.272566
4.000000 4.021239 4.000000 4.523893
4.000000 3.769911 4.000000 4.523893
4.000000 3.769911 4.000000 4.523893
4.000000 3.769911 4.000000 4.523893
4.000000 3.769911 4.000000 4.272566
4.000000 3.769911 4.000000 4.272566
4.000000 3.769911 4.000000 4.523893
4.000000 3.769911 4.000000 4.021239
4.000000 3.769911 4.000000 4.523893
4.000000 3.769911 4.000000 4.272566
4.000000 3.769911 4.000000 4.523893
4.000000 3.769911 4.000000 4.272566
4.000000 3.769911 4.000000 4.523893
4.000000 3.769911 4.000000 4.272566
4.000000 3.769911 4.000000 4.523893
4.000000 3.769911 4.000000 4.021239
4.000000 3.769911 4.000000 4.021239
4.000000 4.021239 4.000000 4.272566
4.000000 3.769911 4.000000 4.021239
4.000000 3.769911 4.000000 4.272566
4.000000 3.769911 4.000000 4.523893
4.000000 3.769911 4.000000 4.272566
4.000000 3.769911 4.000000 4.523893
4.000000 4.021239 4.000000 4.272566
4.000000 3.769911 4.000000 4.523893
4.000000 3.769911 4.000000 4.272566
4.000000 3.769911 4.000000 4.272566
4.000000 3.769911 4.000000 4.775221
4.000000 3.769911 4.000000 4.523893
4.000000 3.769911 4.000000 4.272566
4.000000 3.769911 4.000000 4.523893
4.000000 4.021239 4.000000 4.272566
4.000000 3.518584 4.000000 4.523893
4.000000 3.769911 4.000000 4.272566
4.000000 3.769911 4.000000 4.272566
