2.750000 0.000000 2.750000 0.000000
2.750000 0.000000 2.750000 0.000000
2.750000 0.000000 2.750000 0.000000
2.750000 0.000000 2.750000 0.000000
2.750000 0.000000 2.750000 0.000000
2.750000 0.000000 2.750000 0.000000
2.750000 0.251327 2.750000 0.000000
2.750000 0.502655 2.750000 0.251327
2.750000 0.753982 2.750000 0.753982
2.750000 0.753982 2.750000 0.753982
2.750000 1.005310 2.750000 1.005310
2.750000 1.256637 2.750000 1.256637
2.750000 1.256637 2.750000 1.256637
2.750000 1.507964 2.750000 1.507964
2.750000 1.759292 2.750000 1.507964
2.750000 1.507964 2.750000 1.759292
2.750000 1.759292 2.750000 1.759292
2.750000 1.759292 2.750000 1.759292
2.750000 2.010619 2.750000 1.759292
2.750000 1.759292 2.750000 2.010619
2.750000 2.010619 2.750000 2.010619
2.750000 2.010619 2.750000 2.010619
2.750000 2.010619 2.750000 2.010619
2.750000 2.010619 2.750000 2.010619
2.750000 2.010619 2.750000 2.010619
2.750000 2.010619 2.750000 2.010619
2.750000 2.261947 2.750000 2.010619
2.750000 2.010619 2.750000 2.261947
2.750000 2.010619 2.750000 2.010619
2.750000 2.010619 2.750000 2.261947
2.750000 2.010619 2.750000 2.261947
2.750000 2.010619 2.750000 2.261947
2.750000 2.010619 2.750000 2.261947
2.750000 2.010619 2.750000 2.261947
2.750000 2.010619 2.750000 2.513274
2.750000 2.261947 2.750000 2.261947
2.750000 2.010619 2.750000 2.010619
2.750000 2.261947 2.750000 2.261947
2.750000 2.010619 2.750000 2.261947
2.750000 2.261947 2.750000 2.261947
2.750000 2.010619 2.750000 2.261947
2.750000 2.010619 2.750000 2.261947
2.750000 2.261947 2.750000 2.261947
2.750000 2.010619 2.750000 2.261947
2.750000 2.261947 2.750000 2.261947
2.750000 2.010619 2.750000 2.261947
2.750000 2.261947 2.750000 2.261947
2.750000 2.261947 2.750000 2.261947
2.750000 2.010619 2.750000 2.261947
2.750000 2.261947 2.750000 2.261947
2.750000 2.261947 2.750000 2.513274
2.750000 2.010619 2.750000 2.261947
2.750000 2.261947 2.750000 2.261947
2.750000 2.010619 2.750000 2.261947
2.750000 2.261947 2.750000 2.513274
2.750000 2.010619 2.750000 2.261947
2.750000 2.261947 2.750000 2.513274
2.750000 2.010619 2.750000 2.261947
2.750000 2.261947 2.750000 2.261947
2.750000 2.261947 2.750000 2.513274
2.750000 2.010619 2.750000 2.010619
2.750000 2.261947 2.750000 2.513274
2.750000 2.261947 2.750000 2.261947
2.750000 2.010619 2.750000 2.010619
2.750000 2.261947 2.750000 2.261947
2.750000 2.261947 2.750000 2.261947
2.750000 2.010619 2.750000 2.010619
2.750000 2.261947 2.750000 2.513274
2.750000 2.010619 2.750000 2.261947
2.750000 2.261947 2.750000 2.261947
2.750000 2.010619 2.750000 2.513274
2.750000 2.010619 2.750000 2.261947
2.750000 2.261947 2.750000 2.513274
2.750000 2.261947 2.750000 2.261947
2.750000 2.010619 2.750000 2.513274
2.750000 2.261947 2.750000 2.261947
2.750000 2.010619 2.750000 2.513274
2.750000 2.261947 2.750000 2.261947
2.750000 2.010619 2.750000 2.513274
2.750000 2.261947 2.750000 2.261947
2.750000 2.261947 2.750000 2.513274
2.750000 2.010619 2.750000 2.261947
2.750000 2.261947 2.750000 2.513274
2.750000 2.010619 2.750000 2.261947
2.750000 2.261947 2.750000 2.261947
2.750000 2.261947 2.750000 2.513274
2.750000 2.010619 2.750000 2.261947
2.750000 2.261947 2.750000 2.513274
2.750000 2.261947 2.750000 2.513274
2.750000 2.010619 2.750000 2.261947
2.750000 2.261947 2.750000 2.513274
2.750000 2.010619 2.750000 2.261947
2.750000 2.261947 2.750000 2.261947
2.750000 2.261947 2.750000 2.261947
2.750000 2.010619 2.750000 2.513274
2.750000 2.261947 2.750000 2.261947
2.750000 2.010619 2.750000 2.261947
2.750000 2.261947 2.750000 2.261947
2.750000 2.261947 2.750000 2.261947
2.750000 2.010619 2.750000 2.513274
2.750000 2.261947 2.750000 2.010619
2.750000 2.010619 2.750000 2.513274
2.750000 2.261947 2.750000 2.261947
2.750000 2.513274 2.750000 2.261947
2.750000 2.010619 2.750000 2.513274
2.750000 2.261947 2.750000 2.261947
2.750000 2.261947 2.750000 2.513274
2.750000 2.261947 2.750000 2.261947
2.750000 2.261947 2.750000 2.261947
2.750000 2.010619 2.750000 2.513274
2.750000 2.261947 2.750000 2.261947
2.750000 2.261947 2.750000 2.513274
2.750000 2.261947 2.750000 2.261947
2.750000 2.261947 2.750000 2.261947
2.750000 2.010619 2.750000 2.513274
2.750000 2.261947 2.750000 2.261947
2.750000 2.261947 2.750000 2.010619
2.750000 2.261947 2.750000 2.261947
2.750000 2.261947 2.750000 2.261947
2.750000 2.261947 2.750000 2.010619
2.750000 2.010619 2.750000 2.513274
2.750000 2.261947 2.750000 2.261947
2.750000 2.261947 2.750000 2.513274
2.750000 2.261947 2.750000 2.261947
2.750000 2.261947 2.750000 2.513274
2.750000 2.010619 2.750000 2.261947
2.750000 2.261947 2.750000 2.513274
2.750000 2.010619 2.750000 2.261947
2.750000 2.261947 2.750000 2.513274
2.750000 2.261947 2.750000 2.261947
2.750000 2.261947 2.750000 2.513274
2.750000 2.010619 2.750000 2.261947
2.750000 2.261947 2.750000 2.513274
2.750000 2.010619 2.750000 2.261947
2.750000 2.261947 2.750000 2.513274
2.750000 2.261947 2.750000 2.261947
2.750000 2.010619 2.750000 2.261947
2.750000 2.261947 2.750000 2.513274
2.750000 2.261947 2.750000 2.261947
2.750000 2.010619 2.750000 2.261947
2.750000 2.261947 2.750000 2.513274
2.750000 2.261947 2.750000 2.513274
2.750000 2.010619 2.750000 2.261947
2.750000 2.261947 2.750000 2.513274
2.750000 2.261947 2.750000 2.261947
2.750000 2.010619 2.750000 2.261947
2.750000 2.261947 2.750000 2.513274
2.750000 2.261947 2.750000 2.261947
2.750000 2.010619 2.750000 2.261947
2.750000 2.261947 2.750000 2.513274
2.750000 2.261947 2.750000 2.513274
2.750000 2.261947 2.750000 2.261947
2.750000 2.010619 2.750000 2.261947
2.750000 2.261947 2.750000 2.261947
2.750000 2.261947 2.750000 2.261947
2.750000 2.261947 2.750000 2.513274
2.750000 2.010619 2.750000 2.261947
2.750000 2.261947 2.750000 2.261947
2.750000 2.261947 2.750000 2.513274
2.750000 2.261947 2.750000 2.261947
2.750000 2.010619 2.750000 2.513274
2.750000 2.261947 2.750000 2.261947
2.750000 2.261947 2.750000 2.513274
2.750000 2.261947 2.750000 2.261947
2.750000 2.261947 2.750000 2.513274
2.750000 2.261947 2.750000 2.261947
2.750000 2.010619 2.750000 2.513274
2.750000 2.261947 2.750000 2.010619
2.750000 2.261947 2.750000 2.261947
2.750000 2.261947 2.750000 2.010619
2.750000 2.261947 2.750000 2.261947
2.750000 2.261947 2.750000 2.261947
2.750000 2.261947 2.750000 1.759292
2.750000 2.010619 2.750000 2.513274
2.750000 2.261947 2.750000 2.261947
2.750000 2.261947 2.750000 2.261947
2.750000 2.261947 2.750000 2.513274
2.750000 2.010619 2.750000 2.261947
2.750000 2.261947 2.750000 2.513274
2.750000 2.261947 2.750000 2.261947
2.750000 2.261947 2.750000 2.513274
2.750000 2.010619 2.750000 2.261947
2.750000 2.261947 2.750000 2.261947
2.750000 2.261947 2.750000 2.764602
2.750000 2.010619 2.750000 2.261947
2.750000 2.261947 2.750000 2.261947
2.750000 2.010619 2.750000 2.261947
2.750000 2.261947 2.750000 2.261947
2.750000 2.261947 2.750000 2.513274
2.750000 2.010619 2.750000 2.261947
2.750000 2.261947 2.750000 2.261947
2.750000 2.010619 2.750000 2.261947
2.750000 2.261947 2.750000 2.513274
2.750000 2.261947 2.750000 2.261947
2.750000 2.010619 2.750000 2.513274
2.750000 2.261947 2.750000 2.261947
2.750000 2.261947 2.750000 2.513274
2.750000 2.010619 2.750000 2.261947
2.750000 2.261947 2.750000 2.261947
2.750000 2.261947 2.750000 2.513274
2.750000 2.261947 2.750000 2.261947
2.750000 2.261947 2.750000 2.261947
2.750000 2.010619 2.750000 2.261947
2.750000 2.261947 2.750000 2.513274
2.750000 2.261947 2.750000 2.261947
2.750000 2.261947 2.750000 2.261947
2.750000 2.261947 2.750000 2.261947
2.750000 2.010619 2.750000 2.513274
2.750000 2.261947 2.750000 2.261947
2.750000 2.261947 2.750000 2.261947
2.750000 2.261947 2.750000 2.513274
2.750000 2.261947 2.750000 2.261947
2.750000 2.261947 2.750000 2.261947
2.750000 2.010619 2.750000 2.513274
2.750000 2.261947 2.750000 2.261947
2.750000 2.261947 2.750000 2.513274
2.750000 2.261947 2.750000 2.261947
2.750000 2.261947 2.750000 2.513274
2.750000 2.261947 2.750000 2.261947
2.750000 2.261947 2.750000 2.513274
2.750000 2.261947 2.750000 2.010619
2.750000 2.261947 2.750000 2.513274
2.750000 2.010619 2.750000 2.261947
2.750000 2.261947 2.750000 1.759292
2.750000 2.261947 2.750000 2.513274
2.750000 2.261947 2.750000 2.010619
2.750000 2.261947 2.750000 2.261947
2.750000 2.261947 2.750000 2.513274
2.750000 2.261947 2.750000 2.261947
2.750000 2.261947 2.750000 2.513274
2.750000 2.261947 2.750000 2.261947
2.750000 2.261947 2.750000 2.513274
2.750000 2.261947 2.750000 2.261947
2.750000 2.261947 2.750000 2.513274
2.750000 2.261947 2.750000 2.261947
2.750000 2.010619 2.750000 2.513274
2.750000 2.261947 2.750000 2.261947
2.750000 2.261947 2.750000 2.513274
2.750000 2.261947 2.750000 2.261947
2.750000 2.010619 2.750000 2.261947
2.750000 2.261947 2.750000 2.513274
2.750000 2.261947 2.750000 2.261947
2.750000 2.261947 2.750000 2.513274
2.750000 2.010619 2.750000 2.261947
2.750000 2.261947 2.750000 2.513274
2.750000 2.261947 2.750000 2.513274
2.750000 2.010619 2.750000 2.261947
2.750000 2.261947 2.750000 2.513274
2.750000 2.261947 2.750000 2.513274
2.750000 2.261947 2.750000 2.261947
2.750000 2.261947 2.750000 2.513274
2.750000 2.261947 2.750000 2.261947
2.750000 2.010619 2.750000 2.513274
2.750000 2.261947 2.750000 2.513274
2.750000 2.261947 2.750000 2.261947
2.750000 2.261947 2.750000 2.261947
2.750000 2.261947 2.750000 2.513274
2.750000 2.261947 2.750000 2.261947
2.750000 2.261947 2.750000 2.261947
2.750000 2.261947 2.750000 2.513274
2.750000 2.261947 2.750000 2.261947
2.750000 2.010619 2.750000 2.513274
2.750000 2.261947 2.750000 2.513274
2.750000 2.513274 2.750000 2.261947
2.750000 2.261947 2.750000 2.513274
2.750000 2.261947 2.750000 2.513274
2.750000 2.261947 2.750000 2.261947
2.750000 2.010619 2.750000 2.513274
2.750000 2.261947 2.750000 2.513274
2.750000 2.261947 2.750000 2.261947
2.750000 2.261947 2.750000 2.513274
2.750000 2.261947 2.750000 2.513274
2.750000 2.261947 2.750000 2.261947
2.750000 2.261947 2.750000 2.261947
2.750000 2.261947 2.750000 2.513274
2.750000 2.261947 2.750000 1.759292
2.750000 2.261947 2.750000 2.513274
2.750000 2.261947 2.750000 2.261947
2.750000 2.261947 2.750000 2.261947
2.750000 2.261947 2.750000 2.261947
2.750000 2.261947 2.750000 2.513274
2.750000 2.513274 2.750000 2.513274
2.750000 2.010619 2.750000 2.513274
2.750000 2.261947 2.750000 2.513274
2.750000 2.261947 2.750000 2.261947
2.750000 2.261947 2.750000 2.513274
2.750000 2.513274 2.750000 2.513274
2.750000 2.261947 2.750000 2.513274
2.750000 2.261947 2.750000 2.513274
2.750000 2.010619 2.750000 2.261947
2.750000 2.261947 2.750000 2.261947
2.750000 2.261947 2.750000 2.513274
2.750000 2.261947 2.750000 2.513274
2.750000 2.261947 2.750000 2.261947
2.750000 2.261947 2.750000 2.513274
2.750000 2.261947 2.750000 2.261947
2.750000 2.261947 2.750000 2.513274
2.750000 2.261947 2.750000 2.513274
2.750000 2.261947 2.750000 2.513274
2.750000 2.261947 2.750000 2.513274
2.750000 2.010619 2.750000 2.261947
2.750000 2.261947 2.750000 2.513274
2.750000 2.261947 2.750000 2.513274
2.750000 2.261947 2.750000 2.513274
2.750000 2.261947 2.750000 2.261947
2.750000 2.261947 2.750000 2.513274
2.750000 2.261947 2.750000 2.261947
2.750000 2.261947 2.750000 2.261947
2.750000 2.261947 2.750000 2.513274
2.750000 2.261947 2.750000 2.261947
2.750000 2.261947 2.750000 2.513274
2.750000 2.261947 2.750000 2.261947
2.750000 2.261947 2.750000 2.513274
2.750000 2.513274 2.750000 2.513274
2.750000 2.261947 2.750000 2.261947
2.750000 2.261947 2.750000 2.513274
2.750000 2.261947 2.750000 2.513274
2.750000 2.261947 2.750000 2.261947
2.750000 2.261947 2.750000 2.513274
2.750000 2.261947 2.750000 2.261947
2.750000 2.261947 2.750000 2.513274
2.750000 2.513274 2.750000 2.513274
2.750000 2.261947 2.750000 2.261947
2.750000 2.010619 2.750000 2.513274
2.750000 2.513274 2.750000 2.010619
2.750000 2.261947 2.750000 2.513274
2.750000 2.261947 2.750000 2.513274
2.750000 2.261947 2.750000 1.759292
2.750000 2.261947 2.750000 2.764602
2.750000 2.261947 2.750000 2.010619
2.750000 2.261947 2.750000 2.261947
2.750000 2.261947 2.750000 2.513274
2.750000 2.261947 2.750000 2.261947
2.750000 2.261947 2.750000 2.513274
2.750000 2.261947 2.750000 2.261947
2.750000 2.261947 2.750000 2.513274
2.750000 2.513274 2.750000 2.513274
2.750000 2.010619 2.750000 2.261947
2.750000 2.513274 2.750000 2.764602
