1.750000 0.000000 1.750000 0.000000
1.750000 0.000000 1.750000 0.000000
1.750000 0.000000 1.750000 0.000000
1.750000 0.000000 1.750000 0.000000
1.750000 0.000000 1.750000 0.000000
1.750000 0.000000 1.750000 0.000000
1.750000 0.000000 1.750000 0.000000
1.750000 0.000000 1.750000 0.000000
1.750000 0.000000 1.750000 0.000000
1.750000 0.000000 1.750000 0.000000
1.750000 0.000000 1.750000 0.000000
1.750000 0.000000 1.750000 0.000000
1.750000 0.251327 1.750000 0.000000
1.750000 0.251327 1.750000 0.251327
1.750000 0.251327 1.750000 0.251327
1.750000 0.251327 1.750000 0.251327
1.750000 0.502655 1.750000 0.251327
1.750000 0.502655 1.750000 0.502655
1.750000 0.502655 1.750000 0.251327
1.750000 0.502655 1.750000 0.502655
1.750000 0.502655 1.750000 0.251327
1.750000 0.502655 1.750000 0.502655
1.750000 0.753982 1.750000 0.502655
1.750000 0.502655 1.750000 0.502655
1.750000 0.502655 1.750000 0.753982
1.750000 0.753982 1.750000 0.502655
1.750000 0.502655 1.750000 0.502655
1.750000 0.753982 1.750000 0.753982
1.750000 0.753982 1.750000 0.502655
1.750000 0.753982 1.750000 0.753982
1.750000 0.753982 1.750000 0.502655
1.750000 0.753982 1.750000 0.753982
1.750000 0.502655 1.750000 0.502655
1.750000 0.753982 1.750000 0.753982
1.750000 1.005310 1.750000 0.753982
1.750000 0.753982 1.750000 0.502655
1.750000 0.753982 1.750000 0.753982
1.750000 0.753982 1.750000 0.753982
1.750000 0.753982 1.750000 0.753982
1.750000 0.753982 1.750000 0.753982
1.750000 0.753982 1.750000 0.502655
1.750000 0.753982 1.750000 0.753982
1.750000 0.753982 1.750000 0.753982
1.750000 0.753982 1.750000 0.753982
1.750000 0.753982 1.750000 0.502655
1.750000 0.753982 1.750000 0.753982
1.750000 0.753982 1.750000 0.502655
1.750000 0.753982 1.750000 0.753982
1.750000 0.753982 1.750000 0.753982
1.750000 1.005310 1.750000 0.753982
1.750000 0.753982 1.750000 0.502655
1.750000 0.753982 1.750000 0.753982
1.750000 0.753982 1.750000 0.753982
1.750000 0.753982 1.750000 0.753982
1.750000 1.005310 1.750000 0.753982
1.750000 0.753982 1.750000 0.502655
1.750000 0.753982 1.750000 0.753982
1.750000 0.753982 1.750000 0.753982
1.750000 0.753982 1.750000 0.753982
1.750000 1.005310 1.750000 0.753982
1.750000 0.753982 1.750000 0.502655
1.750000 0.753982 1.750000 0.753982
1.750000 0.753982 1.750000 0.753982
1.750000 1.005310 1.750000 0.753982
1.750000 0.753982 1.750000 0.502655
1.750000 0.753982 1.750000 0.753982
1.750000 0.753982 1.750000 0.753982
1.750000 0.753982 1.750000 0.753982
1.750000 0.753982 1.750000 0.753982
1.750000 0.753982 1.750000 0.502655
1.750000 1.005310 1.750000 0.753982
1.750000 0.753982 1.750000 0.753982
1.750000 0.753982 1.750000 0.753982
1.750000 0.753982 1.750000 0.753982
1.750000 1.005310 1.750000 0.502655
1.750000 0.753982 1.750000 0.753982
1.750000 0.753982 1.750000 0.753982
1.750000 0.753982 1.750000 0.502655
1.750000 0.753982 1.750000 0.753982
1.750000 0.753982 1.750000 0.753982
1.750000 1.005310 1.750000 0.502655
1.750000 0.753982 1.750000 0.753982
1.750000 0.753982 1.750000 0.753982
1.750000 0.753982 1.750000 0.753982
1.750000 0.753982 1.750000 0.502655
1.750000 1.005310 1.750000 0.753982
1.750000 0.753982 1.750000 0.753982
1.750000 0.753982 1.750000 0.753982
1.750000 0.753982 1.750000 0.502655
1.750000 0.753982 1.750000 0.753982
1.750000 0.753982 1.750000 0.753982
1.750000 1.005310 1.750000 0.753982
1.750000 0.753982 1.750000 0.502655
1.750000 0.753982 1.750000 0.753982
1.750000 1.005310 1.750000 0.753982
1.750000 0.753982 1.750000 0.753982
1.750000 0.753982 1.750000 0.753982
1.750000 0.753982 1.750000 0.502655
1.750000 0.753982 1.750000 0.753982
1.750000 1.005310 1.750000 0.753982
1.750000 0.753982 1.750000 0.502655
1.750000 0.753982 1.750000 0.753982
1.750000 0.753982 1.750000 0.502655
1.750000 0.753982 1.750000 0.753982
1.750000 0.753982 1.750000 0.753982
1.750000 0.753982 1.750000 0.502655
1.750000 0.753982 1.750000 0.753982
1.750000 0.753982 1.750000 0.753982
1.750000 0.753982 1.750000 0.502655
1.750000 0.753982 1.750000 0.753982
1.750000 0.753982 1.750000 0.753982
1.750000 0.753982 1.750000 0.753982
1.750000 1.005310 1.750000 0.502655
1.750000 0.753982 1.750000 0.753982
1.750000 0.753982 1.750000 0.753982
1.750000 0.753982 1.750000 0.753982
1.750000 1.005310 1.750000 0.502655
1.750000 0.753982 1.750000 0.753982
1.750000 0.753982 1.750000 0.753982
1.750000 0.753982 1.750000 0.502655
1.750000 0.753982 1.750000 0.753982
1.750000 0.753982 1.750000 0.753982
1.750000 0.753982 1.750000 0.502655
1.750000 1.005310 1.750000 0.753982
1.750000 0.753982 1.750000 0.753982
1.750000 0.753982 1.750000 0.753982
1.750000 0.753982 1.750000 0.753982
1.750000 1.005310 1.750000 0.502655
1.750000 0.753982 1.750000 0.753982
1.750000 0.753982 1.750000 0.753982
1.750000 1.005310 1.750000 0.753982
1.750000 0.753982 1.750000 0.753982
1.750000 0.753982 1.750000 0.502655
1.750000 0.753982 1.750000 0.753982
1.750000 1.005310 1.750000 0.753982
1.750000 0.753982 1.750000 0.502655
1.750000 0.753982 1.750000 0.753982
1.750000 1.005310 1.750000 0.753982
1.750000 0.753982 1.750000 0.753982
1.750000 0.753982 1.750000 0.502655
1.750000 0.753982 1.750000 0.753982
1.750000 1.005310 1.750000 0.753982
1.750000 0.753982 1.750000 0.753982
1.750000 1.005310 1.750000 0.502655
1.750000 0.753982 1.750000 0.753982
1.750000 0.753982 1.750000 0.753982
1.750000 0.753982 1.750000 0.753982
1.750000 0.753982 1.750000 0.753982
1.750000 1.005310 1.750000 0.502655
1.750000 0.753982 1.750000 0.753982
1.750000 0.753982 1.750000 0.753982
1.750000 0.753982 1.750000 0.753982
1.750000 1.005310 1.750000 0.753982
1.750000 0.753982 1.750000 0.502655
1.750000 0.753982 1.750000 0.753982
1.750000 0.753982 1.750000 0.753982
1.750000 0.753982 1.750000 0.502655
1.750000 1.005310 1.750000 0.502655
1.750000 0.753982 1.750000 0.753982
1.750000 0.753982 1.750000 0.753982
1.750000 1.005310 1.750000 0.753982
1.750000 0.753982 1.750000 0.753982
1.750000 0.753982 1.750000 0.753982
1.750000 1.005310 1.750000 0.753982
1.750000 0.753982 1.750000 0.502655
1.750000 0.753982 1.750000 0.502655
1.750000 1.005310 1.750000 0.502655
1.750000 0.753982 1.750000 0.753982
1.750000 1.005310 1.750000 0.753982
1.750000 0.753982 1.750000 0.753982
1.750000 0.753982 1.750000 0.753982
1.750000 1.005310 1.750000 0.753982
1.750000 0.753982 1.750000 0.502655
1.750000 0.753982 1.750000 0.753982
1.750000 0.753982 1.750000 0.753982
1.750000 0.753982 1.750000 0.502655
1.750000 1.005310 1.750000 0.502655
1.750000 0.753982 1.750000 0.753982
1.750000 0.753982 1.750000 0.753982
1.750000 1.005310 1.750000 0.502655
1.750000 0.753982 1.750000 0.753982
1.750000 0.753982 1.750000 0.753982
1.750000 1.005310 1.750000 0.753982
1.750000 0.753982 1.750000 0.502655
1.750000 0.753982 1.750000 0.753982
1.750000 1.005310 1.750000 0.753982
1.750000 0.753982 1.750000 0.753982
1.750000 1.005310 1.750000 0.753982
1.750000 0.753982 1.750000 0.502655
1.750000 0.753982 1.750000 0.753982
1.750000 1.005310 1.750000 0.753982
1.750000 0.753982 1.750000 0.753982
1.750000 0.753982 1.750000 0.753982
1.750000 0.753982 1.750000 0.502655
1.750000 1.005310 1.750000 0.753982
1.750000 0.753982 1.750000 0.502655
1.750000 0.753982 1.750000 0.753982
1.750000 0.753982 1.750000 0.753982
1.750000 1.005310 1.750000 0.753982
1.750000 0.753982 1.750000 0.753982
1.750000 0.753982 1.750000 0.502655
1.750000 1.005310 1.750000 0.753982
1.750000 0.753982 1.750000 0.753982
1.750000 1.005310 1.750000 0.753982
1.750000 0.753982 1.750000 0.753982
1.750000 1.005310 1.750000 0.753982
1.750000 0.753982 1.750000 0.753982
1.750000 0.753982 1.750000 0.753982
1.750000 0.753982 1.750000 0.753982
1.750000 1.005310 1.750000 0.502655
1.750000 0.753982 1.750000 0.753982
1.750000 1.005310 1.750000 0.753982
1.750000 0.753982 1.750000 0.753982
1.750000 0.753982 1.750000 0.753982
1.750000 1.005310 1.750000 0.753982
1.750000 0.753982 1.750000 0.753982
1.750000 0.753982 1.750000 0.753982
1.750000 1.005310 1.750000 0.502655
1.750000 0.753982 1.750000 0.753982
1.750000 0.753982 1.750000 0.753982
1.750000 1.005310 1.750000 0.753982
1.750000 0.753982 1.750000 0.753982
1.750000 1.005310 1.750000 0.753982
1.750000 0.753982 1.750000 0.753982
1.750000 0.753982 1.750000 0.753982
1.750000 1.005310 1.750000 0.753982
1.750000 0.753982 1.750000 0.502655
1.750000 1.005310 1.750000 0.753982
1.750000 0.753982 1.750000 0.753982
1.750000 0.753982 1.750000 0.753982
1.750000 1.005310 1.750000 0.753982
1.750000 0.753982 1.750000 0.753982
1.750000 1.005310 1.750000 0.502655
1.750000 0.753982 1.750000 0.753982
1.750000 0.753982 1.750000 0.753982
1.750000 0.753982 1.750000 0.753982
1.750000 1.005310 1.750000 0.502655
1.750000 0.753982 1.750000 0.753982
1.750000 1.005310 1.750000 0.753982
1.750000 0.753982 1.750000 0.753982
1.750000 0.753982 1.750000 0.753982
1.750000 1.005310 1.750000 0.502655
1.750000 0.753982 1.750000 0.753982
1.750000 1.005310 1.750000 0.753982
1.750000 0.753982 1.750000 0.753982
1.750000 0.753982 1.750000 0.502655
1.750000 0.753982 1.750000 0.753982
1.750000 0.753982 1.750000 0.753982
1.750000 0.753982 1.750000 0.502655
1.750000 1.005310 1.750000 0.753982
1.750000 0.753982 1.750000 0.753982
1.750000 0.753982 1.750000 0.502655
1.750000 0.753982 1.750000 0.502655
1.750000 0.753982 1.750000 0.753982
1.750000 0.753982 1.750000 0.502655
1.750000 0.753982 1.750000 0.753982
1.750000 0.753982 1.750000 0.753982
1.750000 0.753982 1.750000 0.502655
1.750000 0.753982 1.750000 0.753982
1.750000 0.753982 1.750000 0.502655
1.750000 1.005310 1.750000 0.753982
1.750000 0.753982 1.750000 0.753982
1.750000 0.753982 1.750000 0.753982
1.750000 0.753982 1.750000 0.502655
1.750000 0.753982 1.750000 0.753982
1.750000 0.753982 1.750000 0.753982
1.750000 1.005310 1.750000 0.502655
1.750000 0.753982 1.750000 0.753982
1.750000 0.753982 1.750000 0.753982
1.750000 0.753982 1.750000 0.502655
1.750000 0.753982 1.750000 0.753982
1.750000 0.753982 1.750000 0.502655
1.750000 0.753982 1.750000 0.753982
1.750000 0.753982 1.750000 0.502655
1.750000 0.753982 1.750000 0.753982
1.750000 0.753982 1.750000 0.502655
1.750000 0.753982 1.750000 0.753982
1.750000 1.005310 1.750000 0.753982
1.750000 0.753982 1.750000 0.502655
1.750000 0.753982 1.750000 0.753982
1.750000 0.753982 1.750000 0.753982
1.750000 0.753982 1.750000 0.502655
1.750000 0.753982 1.750000 0.753982
1.750000 1.005310 1.750000 0.753982
1.750000 0.753982 1.750000 0.753982
1.750000 0.753982 1.750000 0.502655
1.750000 0.753982 1.750000 0.753982
1.750000 1.005310 1.750000 0.753982
1.750000 0.753982 1.750000 0.502655
1.750000 0.753982 1.750000 0.753982
1.750000 0.753982 1.750000 0.502655
1.750000 0.753982 1.750000 0.753982
1.750000 0.753982 1.750000 0.753982
1.750000 1.005310 1.750000 0.753982
1.750000 0.753982 1.750000 0.502655
1.750000 0.753982 1.750000 0.753982
1.750000 0.753982 1.750000 0.753982
1.750000 0.753982 1.750000 0.502655
1.750000 1.005310 1.750000 0.753982
1.750000 0.753982 1.750000 0.753982
1.750000 0.753982 1.750000 0.753982
1.750000 1.005310 1.750000 0.502655
1.750000 1.005310 1.750000 0.753982
1.750000 0.753982 1.750000 0.753982
1.750000 0.753982 1.750000 0.753982
1.750000 1.005310 1.750000 0.502655
1.750000 0.753982 1.750000 0.753982
1.750000 1.005310 1.750000 0.753982
1.750000 0.753982 1.750000 0.753982
1.750000 0.753982 1.750000 0.753982
1.750000 0.753982 1.750000 0.502655
1.750000 1.005310 1.750000 0.753982
1.750000 0.753982 1.750000 0.753982
1.750000 0.753982 1.750000 0.502655
1.750000 1.005310 1.750000 0.753982
1.750000 0.753982 1.750000 0.753982
1.750000 0.753982 1.750000 0.753982
1.750000 1.005310 1.750000 0.502655
1.750000 0.753982 1.750000 0.753982
1.750000 0.753982 1.750000 0.753982
1.750000 1.005310 1.750000 0.753982
1.750000 0.753982 1.750000 0.753982
1.750000 0.753982 1.750000 0.502655
1.750000 1.005310 1.750000 0.753982
1.750000 0.753982 1.750000 0.502655
1.750000 0.753982 1.750000 0.753982
1.750000 0.753982 1.750000 1.005310
1.750000 0.753982 1.750000 0.502655
1.750000 0.753982 1.750000 0.753982
1.750000 0.753982 1.750000 0.753982
1.750000 1.005310 1.750000 0.753982
1.750000 0.753982 1.750000 0.502655
1.750000 0.753982 1.750000 0.753982
1.750000 0.753982 1.750000 0.753982
1.750000 1.005310 1.750000 0.502655
1.750000 0.753982 1.750000 0.753982
1.750000 1.005310 1.750000 0.753982
1.750000 0.753982 1.750000 0.753982
1.750000 0.753982 1.750000 0.753982
1.750000 1.005310 1.750000 0.502655
1.750000 0.753982 1.750000 0.753982
1.750000 0.753982 1.750000 0.502655
1.750000 0.753982 1.750000 0.753982
1.750000 0.753982 1.750000 0.753982
1.750000 1.005310 1.750000 0.753982
1.750000 0.753982 1.750000 0.502655
1.750000 0.753982 1.750000 0.753982
1.750000 0.753982 1.750000 0.502655
1.750000 1.005310 1.750000 0.251327
1.750000 0.753982 1.750000 0.753982
1.750000 0.753982 1.750000 0.753982
1.750000 1.005310 1.750000 0.753982
1.750000 0.753982 1.750000 0.502655
1.750000 0.753982 1.750000 0.753982
1.750000 1.005310 1.750000 0.753982
1.750000 0.753982 1.750000 0.502655
1.750000 0.753982 1.750000 0.753982
1.750000 1.005310 1.750000 0.502655
1.750000 0.753982 1.750000 0.753982
1.750000 0.753982 1.750000 0.502655
1.750000 0.753982 1.750000 0.753982
1.750000 1.005310 1.750000 0.753982
1.750000 0.753982 1.750000 0.502655
1.750000 0.753982 1.750000 0.753982
1.750000 1.005310 1.750000 0.753982
1.750000 1.005310 1.750000 0.502655
1.750000 0.753982 1.750000 0.753982
1.750000 1.005310 1.750000 0.753982
1.750000 0.753982 1.750000 0.502655
1.750000 1.005310 1.750000 0.753982
1.750000 0.753982 1.750000 0.753982
1.750000 0.753982 1.750000 0.753982
1.750000 1.005310 1.750000 0.502655
1.750000 0.753982 1.750000 0.753982
1.750000 0.753982 1.750000 0.753982
1.750000 1.005310 1.750000 0.502655
1.750000 1.005310 1.750000 0.753982
1.750000 0.753982 1.750000 0.753982
