4.500000 0.000000 4.500000 0.000000
4.500000 0.000000 4.500000 0.000000
4.500000 0.000000 4.500000 0.000000
4.500000 0.000000 4.500000 0.000000
4.500000 0.502655 4.500000 0.502655
4.500000 1.005310 4.500000 1.256637
4.500000 1.507964 4.500000 1.507964
4.500000 1.759292 4.500000 2.010619
4.500000 2.261947 4.500000 2.513274
4.500000 2.513274 4.500000 2.764602
4.500000 2.764602 4.500000 3.267256
4.500000 3.015929 4.500000 3.518584
4.500000 3.015929 4.500000 3.518584
4.500000 3.518584 4.500000 3.769911
4.500000 3.518584 4.500000 3.769911
4.500000 3.518584 4.500000 3.769911
4.500000 3.769911 4.500000 4.021239
4.500000 3.769911 4.500000 4.272566
4.500000 4.021239 4.500000 4.272566
4.500000 4.021239 4.500000 4.272566
4.500000 4.021239 4.500000 4.523893
4.500000 4.021239 4.500000 4.775221
4.500000 4.021239 4.500000 4.523893
4.500000 4.272566 4.500000 4.775221
4.500000 4.021239 4.500000 4.523893
4.500000 4.021239 4.500000 4.775221
4.500000 4.021239 4.500000 5.026548
4.500000 4.021239 4.500000 4.523893
4.500000 4.021239 4.500000 4.775221
4.500000 4.272566 4.500000 4.523893
4.500000 4.272566 4.500000 4.775221
4.500000 4.021239 4.500000 4.775221
4.500000 4.272566 4.500000 4.775221
4.500000 4.021239 4.500000 4.523893
4.500000 4.272566 4.500000 4.775221
4.500000 4.021239 4.500000 5.026548
4.500000 4.272566 4.500000 4.523893
4.500000 4.272566 4.500000 4.775221
4.500000 4.272566 4.500000 5.026548
4.500000 4.272566 4.500000 5.026548
4.500000 4.272566 4.500000 4.523893
4.500000 4.272566 4.500000 4.523893
4.500000 4.021239 4.500000 5.026548
4.500000 4.523893 4.500000 4.272566
4.500000 4.272566 4.500000 4.775221
4.500000 4.272566 4.500000 4.775221
4.500000 4.272566 4.500000 5.026548
4.500000 4.272566 4.500000 5.026548
4.500000 4.523893 4.500000 5.026548
4.500000 4.272566 4.500000 4.775221
4.500000 4.272566 4.500000 5.026548
4.500000 4.272566 4.500000 5.026548
4.500000 4.272566 4.500000 4.775221
4.500000 4.272566 4.500000 4.775221
4.500000 4.272566 4.500000 5.026548
4.500000 4.272566 4.500000 4.775221
4.500000 4.021239 4.500000 4.775221
4.500000 4.272566 4.500000 4.775221
4.500000 4.272566 4.500000 4.775221
4.500000 4.021239 4.500000 5.277876
4.500000 4.523893 4.500000 5.026548
4.500000 4.272566 4.500000 4.775221
4.500000 4.272566 4.500000 5.026548
4.500000 4.272566 4.500000 5.026548
4.500000 4.272566 4.500000 5.277876
4.500000 4.272566 4.500000 5.026548
4.500000 4.272566 4.500000 4.775221
4.500000 4.272566 4.500000 4.523893
4.500000 4.272566 4.500000 4.775221
4.500000 4.272566 4.500000 4.775221
4.500000 4.272566 4.500000 5.026548
4.500000 4.272566 4.500000 5.026548
4.500000 4.272566 4.500000 5.026548
4.500000 4.272566 4.500000 5.026548
4.500000 4.272566 4.500000 5.026548
4.500000 4.021239 4.500000 5.026548
4.500000 4.272566 4.500000 5.026548
4.500000 4.272566 4.500000 5.026548
4.500000 4.272566 4.500000 4.775221
4.500000 4.272566 4.500000 5.026548
4.500000 4.272566 4.500000 5.277876
4.500000 4.272566 4.500000 4.775221
4.500000 4.272566 4.500000 5.026548
4.500000 4.272566 4.500000 5.026548
4.500000 4.272566 4.500000 4.775221
4.500000 4.272566 4.500000 5.026548
4.500000 4.021239 4.500000 4.775221
4.500000 4.272566 4.500000 5.026548
4.500000 4.272566 4.500000 5.026548
4.500000 4.272566 4.500000 5.026548
4.500000 4.272566 4.500000 4.775221
4.500000 4.523893 4.500000 4.775221
4.500000 4.021239 4.500000 4.523893
4.500000 4.272566 4.500000 4.775221
4.500000 4.272566 4.500000 4.523893
4.500000 4.272566 4.500000 4.775221
4.500000 4.272566 4.500000 5.026548
4.500000 4.272566 4.500000 5.026548
4.500000 4.272566 4.500000 5.026548
4.500000 4.272566 4.500000 4.775221
4.500000 4.272566 4.500000 5.026548
4.500000 4.272566 4.500000 5.026548
4.500000 4.523893 4.500000 4.775221
4.500000 4.272566 4.500000 5.026548
4.500000 4.272566 4.500000 5.026548
4.500000 4.272566 4.500000 5.277876
4.500000 4.272566 4.500000 5.026548
4.500000 4.272566 4.500000 4.775221
4.500000 4.272566 4.500000 5.026548
4.500000 4.272566 4.500000 4.775221
4.500000 4.272566 4.500000 4.775221
4.500000 4.272566 4.500000 4.775221
4.500000 4.272566 4.500000 5.026548
4.500000 4.272566 4.500000 5.026548
4.500000 4.272566 4.500000 4.775221
4.500000 4.272566 4.500000 5.026548
4.500000 4.272566 4.500000 4.775221
4.500000 4.021239 4.500000 5.277876
4.500000 4.272566 4.500000 4.523893
4.500000 4.523893 4.500000 4.272566
4.500000 4.021239 4.500000 4.775221
4.500000 4.272566 4.500000 5.026548
4.500000 4.523893 4.500000 5.026548
4.500000 4.021239 4.500000 5.026548
4.500000 4.272566 4.500000 5.026548
4.500000 4.272566 4.500000 5.026548
4.500000 4.272566 4.500000 5.026548
4.500000 4.272566 4.500000 4.775221
4.500000 4.272566 4.500000 5.026548
4.500000 4.272566 4.500000 5.026548
4.500000 4.272566 4.500000 5.026548
4.500000 4.272566 4.500000 5.026548
4.500000 4.272566 4.500000 5.026548
4.500000 4.523893 4.500000 5.026548
4.500000 4.272566 4.500000 4.775221
4.500000 4.272566 4.500000 5.026548
4.500000 4.523893 4.500000 4.775221
4.500000 4.272566 4.500000 5.026548
4.500000 4.272566 4.500000 5.026548
4.500000 4.272566 4.500000 5.026548
4.500000 4.272566 4.500000 5.026548
4.500000 4.272566 4.500000 5.026548
4.500000 4.272566 4.500000 4.775221
4.500000 4.272566 4.500000 4.523893
4.500000 4.272566 4.500000 4.523893
4.500000 4.272566 4.500000 5.026548
4.500000 4.523893 4.500000 5.026548
4.500000 4.272566 4.500000 5.026548
4.500000 4.272566 4.500000 4.775221
4.500000 4.272566 4.500000 5.026548
4.500000 4.272566 4.500000 4.775221
4.500000 4.272566 4.500000 4.775221
4.500000 4.272566 4.500000 5.026548
4.500000 4.272566 4.500000 4.775221
4.500000 4.272566 4.500000 5.026548
4.500000 4.272566 4.500000 4.775221
4.500000 4.272566 4.500000 5.026548
4.500000 4.272566 4.500000 4.775221
4.500000 4.272566 4.500000 4.775221
4.500000 4.272566 4.500000 4.775221
4.500000 4.523893 4.500000 4.775221
4.500000 4.272566 4.500000 4.523893
4.500000 4.272566 4.500000 4.775221
4.500000 4.523893 4.500000 5.026548
4.500000 4.272566 4.500000 4.775221
4.500000 4.272566 4.500000 4.775221
4.500000 4.272566 4.500000 5.026548
4.500000 4.523893 4.500000 4.775221
4.500000 4.272566 4.500000 4.775221
4.500000 4.272566 4.500000 4.523893
4.500000 4.272566 4.500000 4.272566
4.500000 4.272566 4.500000 4.775221
4.500000 4.272566 4.500000 4.775221
4.500000 4.272566 4.500000 4.775221
4.500000 4.272566 4.500000 5.026548
4.500000 4.272566 4.500000 4.775221
4.500000 4.272566 4.500000 4.775221
4.500000 4.272566 4.500000 5.026548
4.500000 4.272566 4.500000 4.775221
4.500000 4.272566 4.500000 4.775221
4.500000 4.523893 4.500000 5.026548
4.500000 4.272566 4.500000 5.026548
4.500000 4.272566 4.500000 5.026548
4.500000 4.272566 4.500000 4.775221
4.500000 4.523893 4.500000 4.775221
4.500000 4.272566 4.500000 5.026548
4.500000 4.272566 4.500000 4.775221
4.500000 4.272566 4.500000 4.775221
4.500000 4.272566 4.500000 5.026548
4.500000 4.272566 4.500000 4.775221
4.500000 4.523893 4.500000 5.026548
4.500000 4.272566 4.500000 5.026548
4.500000 4.523893 4.500000 5.026548
4.500000 4.272566 4.500000 4.523893
4.500000 4.272566 4.500000 5.026548
4.500000 4.523893 4.500000 4.523893
4.500000 4.272566 4.500000 4.523893
4.500000 4.272566 4.500000 4.775221
4.500000 4.523893 4.500000 5.026548
4.500000 4.272566 4.500000 4.775221
4.500000 4.272566 4.500000 5.026548
4.500000 4.272566 4.500000 4.775221
4.500000 4.272566 4.500000 5.026548
4.500000 4.272566 4.500000 4.775221
4.500000 4.523893 4.500000 5.026548
4.500000 4.272566 4.500000 5.026548
4.500000 4.272566 4.500000 5.026548
4.500000 4.272566 4.500000 5.026548
4.500000 4.523893 4.500000 5.026548
4.500000 4.272566 4.500000 5.026548
4.500000 4.272566 4.500000 4.775221
4.500000 4.523893 4.500000 4.775221
4.500000 4.523893 4.500000 5.026548
4.500000 4.272566 4.500000 5.026548
4.500000 4.272566 4.500000 4.775221
4.500000 4.523893 4.500000 5.026548
4.500000 4.272566 4.500000 5.026548
4.500000 4.272566 4.500000 5.026548
4.500000 4.272566 4.500000 4.775221
4.500000 4.523893 4.500000 4.775221
4.500000 4.272566 4.500000 4.272566
4.500000 4.272566 4.500000 4.272566
4.500000 4.272566 4.500000 4.775221
4.500000 4.523893 4.500000 5.026548
4.500000 4.272566 4.500000 4.775221
4.500000 4.272566 4.500000 4.775221
4.500000 4.272566 4.500000 4.775221
4.500000 4.272566 4.500000 5.026548
4.500000 4.272566 4.500000 4.775221
4.500000 4.272566 4.500000 5.026548
4.500000 4.272566 4.500000 5.026548
4.500000 4.272566 4.500000 5.026548
4.500000 4.272566 4.500000 5.026548
4.500000 4.523893 4.500000 5.026548
4.500000 4.272566 4.500000 4.775221
4.500000 4.523893 4.500000 5.026548
4.500000 4.272566 4.500000 4.775221
4.500000 4.272566 4.500000 4.775221
4.500000 4.523893 4.500000 4.775221
4.500000 4.272566 4.500000 5.026548
4.500000 4.272566 4.500000 4.775221
4.500000 4.272566 4.500000 5.026548
4.500000 4.523893 4.500000 4.775221
4.500000 4.272566 4.500000 5.026548
4.500000 4.272566 4.500000 4.775221
4.500000 4.523893 4.500000 4.775221
4.500000 4.272566 4.500000 4.272566
4.500000 4.272566 4.500000 4.523893
4.500000 4.272566 4.500000 4.775221
4.500000 4.523893 4.500000 4.775221
4.500000 4.272566 4.500000 5.026548
4.500000 4.272566 4.500000 5.026548
4.500000 4.272566 4.500000 5.026548
4.500000 4.272566 4.500000 4.775221
4.500000 4.272566 4.500000 4.775221
4.500000 4.272566 4.500000 5.026548
4.500000 4.272566 4.500000 5.026548
4.500000 4.272566 4.500000 5.026548
4.500000 4.272566 4.500000 5.277876
4.500000 4.272566 4.500000 4.775221
4.500000 4.272566 4.500000 5.026548
4.500000 4.272566 4.500000 4.775221
4.500000 4.523893 4.500000 4.775221
4.500000 4.272566 4.500000 5.026548
4.500000 4.272566 4.500000 4.775221
4.500000 4.272566 4.500000 5.026548
4.500000 4.272566 4.500000 5.026548
4.500000 4.272566 4.500000 5.026548
4.500000 4.523893 4.500000 5.026548
4.500000 4.272566 4.500000 5.026548
4.500000 4.272566 4.500000 4.775221
4.500000 4.272566 4.500000 4.272566
4.500000 4.272566 4.500000 5.026548
4.500000 4.523893 4.500000 4.775221
4.500000 4.272566 4.500000 5.026548
4.500000 4.272566 4.500000 5.026548
4.500000 4.523893 4.500000 5.026548
4.500000 4.272566 4.500000 5.026548
4.500000 4.272566 4.500000 4.775221
4.500000 4.523893 4.500000 5.026548
4.500000 4.272566 4.500000 5.026548
4.500000 4.272566 4.500000 5.026548
4.500000 4.272566 4.500000 5.026548
4.500000 4.523893 4.500000 5.026548
4.500000 4.272566 4.500000 5.026548
4.500000 4.272566 4.500000 5.026548
4.500000 4.272566 4.500000 4.775221
4.500000 4.523893 4.500000 4.775221
4.500000 4.272566 4.500000 5.026548
4.500000 4.272566 4.500000 5.026548
4.500000 4.272566 4.500000 4.775221
4.500000 4.523893 4.500000 5.026548
4.500000 4.272566 4.500000 4.775221
4.500000 4.523893 4.500000 5.026548
