3.750000 0.000000 3.750000 0.000000
3.750000 0.000000 3.750000 0.000000
3.750000 0.000000 3.750000 0.000000
3.750000 0.000000 3.750000 0.000000
3.750000 0.251327 3.750000 0.000000
3.750000 0.502655 3.750000 0.502655
3.750000 0.753982 3.750000 0.753982
3.750000 1.256637 3.750000 1.256637
3.750000 1.507964 3.750000 1.507964
3.750000 1.759292 3.750000 1.759292
3.750000 2.010619 3.750000 2.261947
3.750000 2.261947 3.750000 2.513274
3.750000 2.513274 3.750000 2.764602
3.750000 2.261947 3.750000 2.764602
3.750000 2.764602 3.750000 2.764602
3.750000 2.764602 3.750000 3.015929
3.750000 3.015929 3.750000 3.015929
3.750000 2.764602 3.750000 3.267256
3.750000 3.015929 3.750000 3.267256
3.750000 3.267256 3.750000 3.267256
3.750000 3.267256 3.750000 3.267256
3.750000 3.267256 3.750000 3.518584
3.750000 3.267256 3.750000 3.518584
3.750000 3.015929 3.750000 3.518584
3.750000 3.267256 3.750000 3.769911
3.750000 3.267256 3.750000 3.518584
3.750000 3.015929 3.750000 3.769911
3.750000 3.267256 3.750000 3.769911
3.750000 3.518584 3.750000 3.518584
3.750000 3.267256 3.750000 3.769911
3.750000 3.518584 3.750000 3.015929
3.750000 3.267256 3.750000 3.267256
3.750000 3.267256 3.750000 3.769911
3.750000 3.518584 3.750000 3.518584
3.750000 3.267256 3.750000 4.021239
3.750000 3.518584 3.750000 3.769911
3.750000 3.518584 3.750000 3.769911
3.750000 3.267256 3.750000 4.021239
3.750000 3.267256 3.750000 4.021239
3.750000 3.518584 3.750000 3.769911
3.750000 3.267256 3.750000 3.769911
3.750000 3.267256 3.750000 4.021239
3.750000 3.518584 3.750000 3.769911
3.750000 3.267256 3.750000 4.021239
3.750000 3.267256 3.750000 4.021239
3.750000 3.267256 3.750000 3.769911
3.750000 3.518584 3.750000 4.021239
3.750000 3.518584 3.750000 4.021239
3.750000 3.267256 3.750000 3.769911
3.750000 3.267256 3.750000 4.021239
3.750000 3.267256 3.750000 3.769911
3.750000 3.518584 3.750000 3.769911
3.750000 3.267256 3.750000 3.769911
3.750000 3.518584 3.750000 3.769911
3.750000 3.518584 3.750000 4.021239
3.750000 3.267256 3.750000 3.769911
3.750000 3.518584 3.750000 3.769911
3.750000 3.518584 3.750000 4.021239
3.750000 3.769911 3.750000 3.769911
3.750000 3.267256 3.750000 3.769911
3.750000 3.518584 3.750000 4.021239
3.750000 3.518584 3.750000 3.518584
3.750000 3.518584 3.750000 3.267256
3.750000 3.518584 3.750000 4.021239
3.750000 3.267256 3.750000 3.267256
3.750000 3.518584 3.750000 3.769911
3.750000 3.518584 3.750000 3.769911
3.750000 3.267256 3.750000 4.021239
3.750000 3.518584 3.750000 3.769911
3.750000 3.518584 3.750000 4.021239
3.750000 3.267256 3.750000 3.769911
3.750000 3.518584 3.750000 3.769911
3.750000 3.518584 3.750000 3.769911
3.750000 3.267256 3.750000 4.021239
3.750000 3.518584 3.750000 3.769911
3.750000 3.267256 3.750000 3.769911
3.750000 3.518584 3.750000 4.021239
3.750000 3.267256 3.750000 3.769911
3.750000 3.518584 3.750000 4.021239
3.750000 3.267256 3.750000 3.769911
3.750000 3.518584 3.750000 4.021239
3.750000 3.267256 3.750000 3.769911
3.750000 3.518584 3.750000 3.769911
3.750000 3.267256 3.750000 3.769911
3.750000 3.518584 3.750000 3.769911
3.750000 3.518584 3.750000 3.769911
3.750000 3.267256 3.750000 3.769911
3.750000 3.518584 3.750000 3.769911
3.750000 3.267256 3.750000 4.021239
3.750000 3.518584 3.750000 3.769911
3.750000 3.518584 3.750000 3.769911
3.750000 3.267256 3.750000 3.769911
3.750000 3.518584 3.750000 3.769911
3.750000 3.518584 3.750000 3.769911
3.750000 3.518584 3.750000 3.769911
3.750000 3.518584 3.750000 3.267256
3.750000 3.518584 3.750000 3.518584
3.750000 3.267256 3.750000 3.518584
3.750000 3.518584 3.750000 3.769911
3.750000 3.518584 3.750000 4.021239
3.750000 3.518584 3.750000 3.769911
3.750000 3.267256 3.750000 3.769911
3.750000 3.518584 3.750000 3.769911
3.750000 3.518584 3.750000 4.021239
3.750000 3.518584 3.750000 3.769911
3.750000 3.267256 3.750000 3.769911
3.750000 3.518584 3.750000 3.769911
3.750000 3.518584 3.750000 3.769911
3.750000 3.267256 3.750000 3.769911
3.750000 3.518584 3.750000 3.769911
3.750000 3.518584 3.750000 3.769911
3.750000 3.267256 3.750000 4.021239
3.750000 3.518584 3.750000 3.769911
3.750000 3.267256 3.750000 3.769911
3.750000 3.518584 3.750000 3.769911
3.750000 3.518584 3.750000 3.769911
3.750000 3.518584 3.750000 3.769911
3.750000 3.518584 3.750000 3.518584
3.750000 3.267256 3.750000 3.769911
3.750000 3.518584 3.750000 3.518584
3.750000 3.518584 3.750000 3.769911
3.750000 3.518584 3.750000 3.769911
3.750000 3.267256 3.750000 3.769911
3.750000 3.518584 3.750000 3.769911
3.750000 3.267256 3.750000 3.769911
3.750000 3.518584 3.750000 3.769911
3.750000 3.518584 3.750000 4.021239
3.750000 3.518584 3.750000 3.769911
3.750000 3.518584 3.750000 3.267256
3.750000 3.518584 3.750000 3.769911
3.750000 3.518584 3.750000 3.267256
3.750000 3.518584 3.750000 3.769911
3.750000 3.518584 3.750000 4.021239
3.750000 3.769911 3.750000 3.769911
3.750000 3.267256 3.750000 3.769911
3.750000 3.769911 3.750000 3.769911
3.750000 3.267256 3.750000 3.769911
3.750000 3.518584 3.750000 3.769911
3.750000 3.518584 3.750000 4.021239
3.750000 3.518584 3.750000 3.769911
3.750000 3.518584 3.750000 3.769911
3.750000 3.518584 3.750000 3.769911
3.750000 3.267256 3.750000 4.021239
3.750000 3.518584 3.750000 3.769911
3.750000 3.518584 3.750000 4.021239
3.750000 3.518584 3.750000 3.769911
3.750000 3.518584 3.750000 3.769911
3.750000 3.518584 3.750000 3.769911
3.750000 3.518584 3.750000 3.769911
3.750000 3.518584 3.750000 3.769911
3.750000 3.518584 3.750000 3.518584
3.750000 3.518584 3.750000 3.769911
3.750000 3.518584 3.750000 3.769911
3.750000 3.518584 3.750000 3.769911
3.750000 3.518584 3.750000 3.518584
3.750000 3.267256 3.750000 3.769911
3.750000 3.518584 3.750000 3.769911
3.750000 3.518584 3.750000 3.769911
3.750000 3.518584 3.750000 3.769911
3.750000 3.267256 3.750000 4.021239
3.750000 3.518584 3.750000 3.518584
3.750000 3.518584 3.750000 3.267256
3.750000 3.518584 3.750000 3.769911
3.750000 3.518584 3.750000 3.267256
3.750000 3.518584 3.750000 4.021239
3.750000 3.518584 3.750000 3.769911
3.750000 3.518584 3.750000 4.021239
3.750000 3.518584 3.750000 3.769911
3.750000 3.518584 3.750000 3.769911
3.750000 3.518584 3.750000 3.769911
3.750000 3.769911 3.750000 4.021239
3.750000 3.267256 3.750000 3.769911
3.750000 3.769911 3.750000 3.518584
3.750000 3.267256 3.750000 4.021239
3.750000 3.518584 3.750000 3.769911
3.750000 3.518584 3.750000 3.769911
3.750000 3.518584 3.750000 4.021239
3.750000 3.518584 3.750000 3.769911
3.750000 3.518584 3.750000 3.769911
3.750000 3.518584 3.750000 4.021239
3.750000 3.518584 3.750000 4.021239
3.750000 3.267256 3.750000 3.769911
3.750000 3.518584 3.750000 3.518584
3.750000 3.518584 3.750000 3.769911
3.750000 3.518584 3.750000 3.769911
3.750000 3.518584 3.750000 3.769911
3.750000 3.518584 3.750000 4.021239
3.750000 3.518584 3.750000 3.769911
3.750000 3.518584 3.750000 3.769911
3.750000 3.518584 3.750000 3.769911
3.750000 3.518584 3.750000 4.021239
3.750000 3.518584 3.750000 3.769911
3.750000 3.518584 3.750000 4.021239
3.750000 3.518584 3.750000 3.769911
3.750000 3.518584 3.750000 3.518584
3.750000 3.518584 3.750000 3.769911
3.750000 3.518584 3.750000 3.267256
3.750000 3.518584 3.750000 4.021239
3.750000 3.518584 3.750000 3.769911
3.750000 3.518584 3.750000 4.021239
3.750000 3.518584 3.750000 3.769911
3.750000 3.518584 3.750000 3.769911
3.750000 3.518584 3.750000 4.021239
3.750000 3.518584 3.750000 3.769911
3.750000 3.518584 3.750000 4.021239
3.750000 3.518584 3.750000 3.769911
3.750000 3.769911 3.750000 4.021239
3.750000 3.518584 3.750000 4.021239
3.750000 3.267256 3.750000 3.769911
3.750000 3.769911 3.750000 4.021239
3.750000 3.518584 3.750000 4.021239
3.750000 3.267256 3.750000 4.021239
3.750000 3.518584 3.750000 3.769911
3.750000 3.518584 3.750000 4.021239
3.750000 3.518584 3.750000 3.518584
3.750000 3.518584 3.750000 4.021239
3.750000 3.518584 3.750000 3.769911
3.750000 3.518584 3.750000 4.021239
3.750000 3.518584 3.750000 3.769911
3.750000 3.518584 3.750000 4.021239
3.750000 3.518584 3.750000 3.769911
3.750000 3.769911 3.750000 4.021239
3.750000 3.518584 3.750000 4.021239
3.750000 3.518584 3.750000 4.021239
3.750000 3.769911 3.750000 3.769911
3.750000 3.518584 3.750000 3.769911
3.750000 3.518584 3.750000 3.518584
3.750000 3.518584 3.750000 3.769911
3.750000 3.518584 3.750000 3.518584
3.750000 3.769911 3.750000 4.021239
3.750000 3.518584 3.750000 3.769911
3.750000 3.518584 3.750000 4.021239
3.750000 3.518584 3.750000 4.021239
3.750000 3.769911 3.750000 3.769911
3.750000 3.518584 3.750000 4.021239
3.750000 3.518584 3.750000 3.769911
3.750000 3.518584 3.750000 3.769911
3.750000 3.518584 3.750000 4.021239
3.750000 3.518584 3.750000 4.021239
3.750000 3.769911 3.750000 4.021239
3.750000 3.518584 3.750000 3.769911
3.750000 3.518584 3.750000 4.021239
3.750000 3.518584 3.750000 3.769911
3.750000 3.769911 3.750000 4.021239
3.750000 3.518584 3.750000 3.769911
3.750000 3.518584 3.750000 3.769911
3.750000 3.518584 3.750000 3.769911
3.750000 3.518584 3.750000 3.769911
3.750000 3.518584 3.750000 3.769911
3.750000 3.518584 3.750000 4.021239
3.750000 3.518584 3.750000 3.769911
3.750000 3.518584 3.750000 4.021239
3.750000 3.518584 3.750000 3.769911
3.750000 3.518584 3.750000 4.021239
3.750000 3.518584 3.750000 3.769911
3.750000 3.518584 3.750000 4.021239
3.750000 3.518584 3.750000 3.769911
3.750000 3.769911 3.750000 3.518584
3.750000 3.518584 3.750000 4.021239
3.750000 3.518584 3.750000 3.518584
3.750000 3.518584 3.750000 3.518584
3.750000 3.518584 3.750000 3.769911
3.750000 3.518584 3.750000 3.769911
3.750000 3.769911 3.750000 4.021239
3.750000 3.518584 3.750000 3.769911
3.750000 3.518584 3.750000 4.021239
3.750000 3.518584 3.750000 3.769911
3.750000 3.518584 3.750000 4.021239
3.750000 3.518584 3.750000 3.769911
3.750000 3.518584 3.750000 4.021239
3.750000 3.518584 3.750000 4.021239
3.750000 3.518584 3.750000 3.769911
3.750000 3.769911 3.750000 4.021239
3.750000 3.518584 3.750000 4.021239
3.750000 3.518584 3.750000 3.769911
3.750000 3.518584 3.750000 4.021239
3.750000 3.518584 3.750000 3.769911
3.750000 3.518584 3.750000 3.769911
3.750000 3.518584 3.750000 3.769911
3.750000 3.518584 3.750000 4.021239
3.750000 3.518584 3.750000 3.769911
3.750000 3.518584 3.750000 3.769911
3.750000 3.518584 3.750000 4.021239
3.750000 3.267256 3.750000 4.272566
3.750000 3.518584 3.750000 3.769911
3.750000 3.518584 3.750000 3.769911
3.750000 3.518584 3.750000 4.021239
3.750000 3.518584 3.750000 4.021239
3.750000 3.518584 3.750000 3.769911
3.750000 3.518584 3.750000 3.769911
3.750000 3.518584 3.750000 3.769911
3.750000 3.518584 3.750000 3.518584
3.750000 3.518584 3.750000 3.518584
3.750000 3.518584 3.750000 3.769911
3.750000 3.518584 3.750000 3.769911
3.750000 3.518584 3.750000 4.021239
3.750000 3.518584 3.750000 3.769911
3.750000 3.518584 3.750000 4.021239
3.750000 3.518584 3.750000 4.021239
3.750000 3.518584 3.750000 3.769911
3.750000 3.518584 3.750000 4.021239
3.750000 3.769911 3.750000 4.021239
3.750000 3.518584 3.750000 4.021239
3.750000 3.518584 3.750000 4.021239
3.750000 3.518584 3.750000 4.021239
3.750000 3.518584 3.750000 3.769911
3.750000 3.518584 3.750000 4.021239
3.750000 3.518584 3.750000 4.021239
3.750000 3.518584 3.750000 3.769911
3.750000 3.518584 3.750000 3.769911
3.750000 3.518584 3.750000 4.021239
3.750000 3.518584 3.750000 3.769911
3.750000 3.518584 3.750000 3.769911
3.750000 3.518584 3.750000 4.021239
3.750000 3.518584 3.750000 3.769911
3.750000 3.518584 3.750000 4.021239
3.750000 3.518584 3.750000 3.769911
3.750000 3.518584 3.750000 4.021239
3.750000 3.267256 3.750000 3.769911
3.750000 3.518584 3.750000 3.769911
3.750000 3.518584 3.750000 3.769911
3.750000 3.518584 3.750000 4.021239
3.750000 3.518584 3.750000 3.518584
3.750000 3.518584 3.750000 3.518584
3.750000 3.518584 3.750000 4.021239
3.750000 3.518584 3.750000 3.267256
3.750000 3.518584 3.750000 4.021239
3.750000 3.518584 3.750000 4.021239
3.750000 3.518584 3.750000 3.769911
3.750000 3.518584 3.750000 4.021239
3.750000 3.769911 3.750000 3.769911
3.750000 3.518584 3.750000 4.021239
3.750000 3.518584 3.750000 3.769911
3.750000 3.518584 3.750000 4.021239
3.750000 3.518584 3.750000 4.021239
3.750000 3.518584 3.750000 3.769911
3.750000 3.518584 3.750000 4.021239
3.750000 3.518584 3.750000 3.769911
3.750000 3.518584 3.750000 4.021239
3.750000 3.267256 3.750000 3.769911
3.750000 3.518584 3.750000 3.769911
3.750000 3.518584 3.750000 3.769911
3.750000 3.518584 3.750000 3.769911
3.750000 3.518584 3.750000 3.769911
3.750000 3.267256 3.750000 4.021239
3.750000 3.518584 3.750000 3.769911
3.750000 3.518584 3.750000 3.769911
3.750000 3.518584 3.750000 4.021239
3.750000 3.518584 3.750000 3.769911
3.750000 3.518584 3.750000 3.769911
3.750000 3.518584 3.750000 4.021239
3.750000 3.518584 3.750000 3.769911
3.750000 3.518584 3.750000 3.769911
3.750000 3.518584 3.750000 4.021239
3.750000 3.518584 3.750000 3.518584
3.750000 3.518584 3.750000 4.021239
3.750000 3.518584 3.750000 3.518584
3.750000 3.518584 3.750000 3.267256
3.750000 3.267256 3.750000 4.021239
3.750000 3.518584 3.750000 3.769911
3.750000 3.769911 3.750000 4.021239
3.750000 3.518584 3.750000 3.769911
3.750000 3.518584 3.750000 4.021239
3.750000 3.518584 3.750000 3.769911
3.750000 3.518584 3.750000 4.021239
3.750000 3.518584 3.750000 3.769911
3.750000 3.518584 3.750000 4.021239
3.750000 3.518584 3.750000 4.021239
3.750000 3.518584 3.750000 3.769911
3.750000 3.769911 3.750000 4.021239
3.750000 3.518584 3.750000 4.021239
3.750000 3.518584 3.750000 4.021239
3.750000 3.518584 3.750000 3.769911
3.750000 3.518584 3.750000 3.769911
3.750000 3.518584 3.750000 3.769911
3.750000 3.518584 3.750000 4.021239
3.750000 3.518584 3.750000 3.769911
3.750000 3.518584 3.750000 4.021239
3.750000 3.518584 3.750000 3.769911
3.750000 3.518584 3.750000 3.769911
3.750000 3.518584 3.750000 4.021239
3.750000 3.518584 3.750000 3.769911
3.750000 3.518584 3.750000 3.769911
3.750000 3.769911 3.750000 4.021239
3.750000 3.267256 3.750000 3.769911
3.750000 3.518584 3.750000 4.021239
