4.750000 0.000000 4.750000 0.000000
4.750000 0.000000 4.750000 0.000000
4.750000 0.000000 4.750000 0.000000
4.750000 0.000000 4.750000 0.000000
4.750000 0.502655 4.750000 0.753982
4.750000 1.256637 4.750000 1.005310
4.750000 1.507964 4.750000 1.759292
4.750000 2.010619 4.750000 1.759292
4.750000 2.261947 4.750000 2.764602
4.750000 2.764602 4.750000 2.764602
4.750000 3.015929 4.750000 3.267256
4.750000 3.267256 4.750000 3.769911
4.750000 3.267256 4.750000 3.769911
4.750000 3.518584 4.750000 4.272566
4.750000 3.518584 4.750000 4.272566
4.750000 4.021239 4.750000 4.523893
4.750000 4.021239 4.750000 4.272566
4.750000 4.272566 4.750000 4.775221
4.750000 3.769911 4.750000 4.775221
4.750000 4.021239 4.750000 4.775221
4.750000 4.272566 4.750000 5.026548
4.750000 4.272566 4.750000 4.775221
4.750000 4.272566 4.750000 5.026548
4.750000 4.523893 4.750000 5.026548
4.750000 4.272566 4.750000 5.026548
4.750000 4.523893 4.750000 4.775221
4.750000 4.775221 4.750000 5.277876
4.750000 4.523893 4.750000 5.277876
4.750000 4.523893 4.750000 5.277876
4.750000 4.523893 4.750000 5.277876
4.750000 4.775221 4.750000 5.529203
4.750000 4.775221 4.750000 5.529203
4.750000 4.775221 4.750000 5.277876
4.750000 4.523893 4.750000 5.277876
4.750000 5.026548 4.750000 5.026548
4.750000 4.775221 4.750000 5.277876
4.750000 4.775221 4.750000 5.780530
4.750000 5.026548 4.750000 5.780530
4.750000 4.775221 4.750000 5.529203
4.750000 5.026548 4.750000 5.529203
4.750000 4.775221 4.750000 5.529203
4.750000 5.026548 4.750000 5.529203
4.750000 4.775221 4.750000 5.529203
4.750000 4.775221 4.750000 5.529203
4.750000 4.775221 4.750000 5.529203
4.750000 4.775221 4.750000 5.529203
4.750000 4.775221 4.750000 5.529203
4.750000 4.775221 4.750000 5.529203
4.750000 4.775221 4.750000 5.277876
4.750000 4.775221 4.750000 5.529203
4.750000 4.775221 4.750000 5.277876
4.750000 4.775221 4.750000 5.529203
4.750000 4.775221 4.750000 5.277876
4.750000 4.775221 4.750000 5.529203
4.750000 4.775221 4.750000 5.277876
4.750000 4.523893 4.750000 5.529203
4.750000 4.775221 4.750000 5.026548
4.750000 4.775221 4.750000 5.026548
4.750000 4.523893 4.750000 5.026548
4.750000 4.775221 4.750000 5.277876
4.750000 4.775221 4.750000 5.529203
4.750000 4.775221 4.750000 5.529203
4.750000 4.775221 4.750000 5.529203
4.750000 5.026548 4.750000 5.277876
4.750000 4.775221 4.750000 5.529203
4.750000 4.775221 4.750000 5.529203
4.750000 4.775221 4.750000 5.529203
4.750000 4.775221 4.750000 5.529203
4.750000 4.775221 4.750000 5.529203
4.750000 4.523893 4.750000 5.277876
4.750000 4.775221 4.750000 5.277876
4.750000 4.523893 4.750000 5.277876
4.750000 4.775221 4.750000 5.277876
4.750000 4.523893 4.750000 5.529203
4.750000 4.775221 4.750000 5.277876
4.750000 4.775221 4.750000 5.277876
4.750000 4.775221 4.750000 5.529203
4.750000 4.523893 4.750000 5.277876
4.750000 4.775221 4.750000 5.277876
4.750000 4.775221 4.750000 5.277876
4.750000 4.775221 4.750000 5.026548
4.750000 4.775221 4.750000 5.277876
4.750000 4.775221 4.750000 5.277876
4.750000 4.775221 4.750000 5.529203
4.750000 5.026548 4.750000 5.277876
4.750000 4.523893 4.750000 5.277876
4.750000 4.775221 4.750000 5.780530
4.750000 5.026548 4.750000 5.529203
4.750000 4.775221 4.750000 5.529203
4.750000 4.775221 4.750000 5.529203
4.750000 4.775221 4.750000 5.529203
4.750000 4.775221 4.750000 5.529203
4.750000 4.775221 4.750000 5.277876
4.750000 4.775221 4.750000 5.529203
4.750000 4.775221 4.750000 5.277876
4.750000 4.775221 4.750000 5.529203
4.750000 4.775221 4.750000 5.277876
4.750000 4.775221 4.750000 5.277876
4.750000 4.523893 4.750000 5.529203
4.750000 4.775221 4.750000 5.277876
4.750000 4.775221 4.750000 5.277876
4.750000 4.523893 4.750000 5.529203
4.750000 4.775221 4.750000 5.277876
4.750000 4.775221 4.750000 5.026548
4.750000 4.775221 4.750000 5.026548
4.750000 4.775221 4.750000 5.277876
4.750000 4.775221 4.750000 5.529203
4.750000 4.775221 4.750000 5.277876
4.750000 4.523893 4.750000 5.277876
4.750000 4.775221 4.750000 5.529203
4.750000 4.775221 4.750000 5.529203
4.750000 4.523893 4.750000 5.277876
4.750000 4.775221 4.750000 5.529203
4.750000 4.775221 4.750000 5.529203
4.750000 4.775221 4.750000 5.529203
4.750000 4.775221 4.750000 5.529203
4.750000 4.775221 4.750000 5.277876
4.750000 4.775221 4.750000 5.529203
4.750000 4.775221 4.750000 5.277876
4.750000 4.775221 4.750000 5.277876
4.750000 4.775221 4.750000 5.277876
4.750000 4.775221 4.750000 5.277876
4.750000 4.523893 4.750000 5.529203
4.750000 4.775221 4.750000 5.277876
4.750000 4.775221 4.750000 5.277876
4.750000 4.775221 4.750000 5.529203
4.750000 4.775221 4.750000 5.277876
4.750000 4.775221 4.750000 5.026548
4.750000 4.775221 4.750000 5.026548
4.750000 4.775221 4.750000 5.277876
4.750000 4.775221 4.750000 5.277876
4.750000 4.775221 4.750000 5.529203
4.750000 4.775221 4.750000 5.529203
4.750000 5.026548 4.750000 5.529203
4.750000 4.775221 4.750000 5.529203
4.750000 4.775221 4.750000 5.529203
4.750000 4.775221 4.750000 5.529203
4.750000 4.775221 4.750000 5.529203
4.750000 4.775221 4.750000 5.277876
4.750000 5.026548 4.750000 5.529203
4.750000 4.775221 4.750000 5.277876
4.750000 4.775221 4.750000 5.277876
4.750000 4.775221 4.750000 5.529203
4.750000 4.775221 4.750000 5.277876
4.750000 4.775221 4.750000 5.277876
4.750000 5.026548 4.750000 5.529203
4.750000 4.775221 4.750000 5.277876
4.750000 4.775221 4.750000 5.529203
4.750000 4.775221 4.750000 5.529203
4.750000 4.775221 4.750000 5.277876
4.750000 4.775221 4.750000 5.026548
4.750000 4.775221 4.750000 5.026548
4.750000 4.775221 4.750000 5.529203
4.750000 4.775221 4.750000 5.529203
4.750000 5.026548 4.750000 5.529203
4.750000 4.775221 4.750000 5.529203
4.750000 4.775221 4.750000 5.529203
4.750000 4.775221 4.750000 5.780530
4.750000 5.026548 4.750000 5.529203
4.750000 4.775221 4.750000 5.780530
4.750000 4.775221 4.750000 5.277876
4.750000 5.026548 4.750000 5.780530
4.750000 4.775221 4.750000 5.529203
4.750000 4.775221 4.750000 5.529203
4.750000 5.026548 4.750000 5.277876
4.750000 4.775221 4.750000 5.529203
4.750000 5.026548 4.750000 5.529203
4.750000 4.775221 4.750000 5.529203
4.750000 4.775221 4.750000 5.277876
4.750000 5.026548 4.750000 5.780530
4.750000 4.775221 4.750000 5.529203
4.750000 4.775221 4.750000 5.277876
4.750000 5.026548 4.750000 5.529203
4.750000 4.775221 4.750000 5.026548
4.750000 4.775221 4.750000 5.026548
4.750000 4.775221 4.750000 5.529203
4.750000 5.026548 4.750000 5.529203
4.750000 4.775221 4.750000 5.529203
4.750000 4.775221 4.750000 5.529203
4.750000 4.775221 4.750000 5.529203
4.750000 5.026548 4.750000 5.780530
4.750000 4.775221 4.750000 5.529203
4.750000 4.775221 4.750000 5.277876
4.750000 4.775221 4.750000 5.529203
4.750000 4.775221 4.750000 5.529203
4.750000 5.026548 4.750000 5.529203
4.750000 4.775221 4.750000 5.277876
4.750000 4.775221 4.750000 5.529203
4.750000 4.775221 4.750000 5.277876
4.750000 4.775221 4.750000 5.277876
4.750000 4.775221 4.750000 5.277876
4.750000 5.026548 4.750000 5.529203
4.750000 4.775221 4.750000 5.277876
4.750000 4.775221 4.750000 5.780530
4.750000 4.775221 4.750000 5.277876
4.750000 4.775221 4.750000 5.026548
4.750000 4.775221 4.750000 5.026548
4.750000 4.775221 4.750000 5.277876
4.750000 4.775221 4.750000 5.277876
4.750000 4.775221 4.750000 5.529203
4.750000 4.775221 4.750000 5.529203
4.750000 4.775221 4.750000 5.780530
4.750000 4.775221 4.750000 5.529203
4.750000 4.775221 4.750000 5.277876
4.750000 4.775221 4.750000 5.529203
4.750000 4.775221 4.750000 5.529203
4.750000 4.775221 4.750000 5.277876
4.750000 4.775221 4.750000 5.529203
4.750000 4.775221 4.750000 5.529203
4.750000 4.775221 4.750000 5.529203
4.750000 5.026548 4.750000 5.277876
4.750000 4.775221 4.750000 5.277876
4.750000 4.775221 4.750000 5.529203
4.750000 5.026548 4.750000 5.529203
4.750000 4.775221 4.750000 5.529203
4.750000 5.026548 4.750000 5.529203
4.750000 4.775221 4.750000 5.529203
4.750000 4.775221 4.750000 5.780530
4.750000 5.026548 4.750000 5.277876
4.750000 4.775221 4.750000 5.277876
4.750000 4.775221 4.750000 5.026548
4.750000 4.775221 4.750000 5.529203
4.750000 5.026548 4.750000 5.529203
4.750000 4.775221 4.750000 5.529203
4.750000 4.775221 4.750000 5.529203
4.750000 4.775221 4.750000 5.780530
4.750000 4.775221 4.750000 5.529203
4.750000 5.026548 4.750000 5.529203
4.750000 4.775221 4.750000 5.529203
4.750000 4.775221 4.750000 5.529203
4.750000 4.775221 4.750000 5.780530
4.750000 5.026548 4.750000 5.529203
4.750000 4.775221 4.750000 5.529203
4.750000 5.026548 4.750000 5.277876
4.750000 4.775221 4.750000 5.529203
4.750000 5.026548 4.750000 5.277876
4.750000 4.775221 4.750000 5.529203
4.750000 5.026548 4.750000 5.529203
4.750000 4.775221 4.750000 5.529203
4.750000 5.026548 4.750000 5.529203
4.750000 4.775221 4.750000 5.277876
4.750000 4.775221 4.750000 5.026548
4.750000 5.026548 4.750000 4.775221
4.750000 4.775221 4.750000 5.529203
4.750000 4.775221 4.750000 5.529203
4.750000 5.026548 4.750000 5.529203
4.750000 4.775221 4.750000 5.529203
4.750000 4.775221 4.750000 5.529203
4.750000 4.775221 4.750000 5.529203
4.750000 5.026548 4.750000 5.277876
4.750000 4.775221 4.750000 5.529203
4.750000 4.775221 4.750000 5.529203
4.750000 4.775221 4.750000 5.529203
4.750000 4.775221 4.750000 5.529203
4.750000 4.775221 4.750000 5.277876
4.750000 4.775221 4.750000 5.529203
4.750000 4.775221 4.750000 5.277876
4.750000 5.026548 4.750000 5.277876
4.750000 4.775221 4.750000 5.529203
4.750000 5.026548 4.750000 5.277876
4.750000 4.775221 4.750000 5.529203
4.750000 4.775221 4.750000 5.529203
4.750000 4.775221 4.750000 5.529203
4.750000 5.026548 4.750000 5.026548
4.750000 4.775221 4.750000 5.026548
4.750000 4.775221 4.750000 5.026548
4.750000 4.775221 4.750000 5.277876
4.750000 4.775221 4.750000 5.529203
4.750000 4.775221 4.750000 5.780530
4.750000 4.775221 4.750000 5.277876
4.750000 4.775221 4.750000 5.529203
4.750000 4.775221 4.750000 5.529203
4.750000 4.775221 4.750000 5.529203
4.750000 4.775221 4.750000 5.277876
4.750000 4.775221 4.750000 5.780530
4.750000 5.026548 4.750000 5.780530
4.750000 4.775221 4.750000 5.529203
4.750000 4.775221 4.750000 5.529203
4.750000 5.026548 4.750000 5.277876
4.750000 4.775221 4.750000 5.529203
4.750000 5.026548 4.750000 5.277876
4.750000 4.775221 4.750000 5.529203
4.750000 4.775221 4.750000 5.529203
4.750000 5.026548 4.750000 5.277876
4.750000 4.775221 4.750000 5.780530
4.750000 4.775221 4.750000 5.529203
4.750000 5.026548 4.750000 5.277876
4.750000 5.026548 4.750000 5.026548
4.750000 5.026548 4.750000 4.775221
4.750000 4.775221 4.750000 5.529203
4.750000 5.026548 4.750000 5.529203
4.750000 5.026548 4.750000 5.529203
4.750000 5.026548 4.750000 5.529203
4.750000 4.775221 4.750000 5.529203
4.750000 5.026548 4.750000 5.529203
4.750000 5.026548 4.750000 5.529203
