3.250000 0.000000 3.250000 0.000000
3.250000 0.000000 3.250000 0.000000
3.250000 0.000000 3.250000 0.000000
3.250000 0.000000 3.250000 0.000000
3.250000 0.000000 3.250000 0.000000
3.250000 0.000000 3.250000 0.000000
3.250000 0.000000 3.250000 0.502655
3.250000 0.251327 3.250000 0.502655
3.250000 1.005310 3.250000 1.005310
3.250000 1.256637 3.250000 1.256637
3.250000 1.507964 3.250000 1.507964
3.250000 2.010619 3.250000 1.759292
3.250000 1.759292 3.250000 2.010619
3.250000 2.261947 3.250000 2.010619
3.250000 2.010619 3.250000 2.513274
3.250000 2.010619 3.250000 2.513274
3.250000 2.261947 3.250000 2.513274
3.250000 2.513274 3.250000 2.764602
3.250000 2.261947 3.250000 2.513274
3.250000 2.513274 3.250000 2.764602
3.250000 2.513274 3.250000 2.764602
3.250000 2.764602 3.250000 2.764602
3.250000 2.513274 3.250000 2.764602
3.250000 2.764602 3.250000 2.764602
3.250000 2.764602 3.250000 3.015929
3.250000 2.764602 3.250000 2.764602
3.250000 2.764602 3.250000 3.015929
3.250000 2.513274 3.250000 2.764602
3.250000 2.764602 3.250000 2.764602
3.250000 2.764602 3.250000 3.015929
3.250000 2.764602 3.250000 3.015929
3.250000 2.764602 3.250000 3.015929
3.250000 2.764602 3.250000 2.764602
3.250000 3.015929 3.250000 3.015929
3.250000 2.764602 3.250000 2.764602
3.250000 2.764602 3.250000 3.015929
3.250000 2.764602 3.250000 3.015929
3.250000 2.764602 3.250000 3.015929
3.250000 2.764602 3.250000 3.015929
3.250000 2.764602 3.250000 3.015929
3.250000 3.015929 3.250000 2.764602
3.250000 2.764602 3.250000 3.267256
3.250000 3.015929 3.250000 2.513274
3.250000 2.764602 3.250000 3.015929
3.250000 2.764602 3.250000 2.764602
3.250000 3.015929 3.250000 3.015929
3.250000 2.764602 3.250000 3.015929
3.250000 3.015929 3.250000 3.015929
3.250000 2.764602 3.250000 3.015929
3.250000 3.015929 3.250000 3.015929
3.250000 2.764602 3.250000 3.015929
3.250000 3.015929 3.250000 3.267256
3.250000 2.764602 3.250000 3.015929
3.250000 3.015929 3.250000 3.267256
3.250000 2.764602 3.250000 3.015929
3.250000 3.015929 3.250000 3.015929
3.250000 2.764602 3.250000 3.015929
3.250000 2.764602 3.250000 3.267256
3.250000 3.015929 3.250000 3.015929
3.250000 2.764602 3.250000 3.015929
3.250000 3.015929 3.250000 3.015929
3.250000 2.764602 3.250000 3.267256
3.250000 3.015929 3.250000 3.015929
3.250000 2.764602 3.250000 3.267256
3.250000 3.015929 3.250000 3.015929
3.250000 2.764602 3.250000 3.015929
3.250000 2.764602 3.250000 3.267256
3.250000 3.015929 3.250000 3.015929
3.250000 2.764602 3.250000 3.015929
3.250000 3.015929 3.250000 3.015929
3.250000 2.764602 3.250000 3.267256
3.250000 3.015929 3.250000 3.015929
3.250000 2.764602 3.250000 3.267256
3.250000 2.764602 3.250000 3.015929
3.250000 2.764602 3.250000 3.015929
3.250000 3.015929 3.250000 3.015929
3.250000 2.764602 3.250000 3.267256
3.250000 3.015929 3.250000 3.267256
3.250000 2.764602 3.250000 3.267256
3.250000 2.764602 3.250000 3.267256
3.250000 3.015929 3.250000 3.015929
3.250000 2.764602 3.250000 3.015929
3.250000 2.764602 3.250000 3.015929
3.250000 3.015929 3.250000 2.764602
3.250000 2.764602 3.250000 3.267256
3.250000 3.015929 3.250000 2.764602
3.250000 2.764602 3.250000 3.015929
3.250000 2.764602 3.250000 3.015929
3.250000 3.015929 3.250000 3.267256
3.250000 2.764602 3.250000 3.015929
3.250000 2.764602 3.250000 3.015929
3.250000 3.015929 3.250000 3.267256
3.250000 2.764602 3.250000 3.015929
3.250000 3.015929 3.250000 3.267256
3.250000 2.764602 3.250000 3.015929
3.250000 2.764602 3.250000 3.267256
3.250000 3.015929 3.250000 3.015929
3.250000 2.764602 3.250000 3.015929
3.250000 2.764602 3.250000 3.267256
3.250000 2.764602 3.250000 3.015929
3.250000 3.015929 3.250000 3.015929
3.250000 2.764602 3.250000 3.015929
3.250000 2.764602 3.250000 3.267256
3.250000 2.764602 3.250000 3.015929
3.250000 3.015929 3.250000 3.267256
3.250000 2.764602 3.250000 3.015929
3.250000 3.015929 3.250000 3.015929
3.250000 2.764602 3.250000 3.015929
3.250000 2.764602 3.250000 3.015929
3.250000 3.015929 3.250000 3.015929
3.250000 2.764602 3.250000 3.015929
3.250000 2.764602 3.250000 3.267256
3.250000 2.764602 3.250000 2.764602
3.250000 2.764602 3.250000 3.015929
3.250000 3.015929 3.250000 3.015929
3.250000 2.764602 3.250000 3.015929
3.250000 2.764602 3.250000 3.015929
3.250000 3.015929 3.250000 3.015929
3.250000 2.764602 3.250000 3.015929
3.250000 2.764602 3.250000 3.267256
3.250000 3.015929 3.250000 3.015929
3.250000 2.764602 3.250000 2.764602
3.250000 3.015929 3.250000 3.015929
3.250000 2.764602 3.250000 2.764602
3.250000 2.764602 3.250000 3.015929
3.250000 3.015929 3.250000 2.764602
3.250000 2.764602 3.250000 2.764602
3.250000 3.015929 3.250000 3.015929
3.250000 2.764602 3.250000 3.015929
3.250000 3.015929 3.250000 3.015929
3.250000 2.764602 3.250000 3.267256
3.250000 3.015929 3.250000 3.015929
3.250000 2.764602 3.250000 3.015929
3.250000 3.015929 3.250000 3.267256
3.250000 2.764602 3.250000 3.015929
3.250000 3.015929 3.250000 3.015929
3.250000 2.764602 3.250000 3.267256
3.250000 3.015929 3.250000 3.015929
3.250000 2.764602 3.250000 3.015929
3.250000 3.015929 3.250000 3.267256
3.250000 2.764602 3.250000 3.015929
3.250000 3.015929 3.250000 3.015929
3.250000 2.764602 3.250000 3.267256
3.250000 3.015929 3.250000 3.015929
3.250000 2.764602 3.250000 3.267256
3.250000 2.764602 3.250000 3.015929
3.250000 3.015929 3.250000 3.267256
3.250000 3.015929 3.250000 3.015929
3.250000 2.764602 3.250000 3.015929
3.250000 3.015929 3.250000 3.015929
3.250000 2.764602 3.250000 3.015929
3.250000 2.764602 3.250000 3.267256
3.250000 3.015929 3.250000 3.015929
3.250000 2.764602 3.250000 3.015929
3.250000 3.015929 3.250000 3.015929
3.250000 2.764602 3.250000 3.015929
3.250000 3.015929 3.250000 3.015929
3.250000 2.764602 3.250000 3.267256
3.250000 2.764602 3.250000 3.015929
3.250000 3.015929 3.250000 3.267256
3.250000 2.764602 3.250000 3.015929
3.250000 3.015929 3.250000 3.267256
3.250000 2.764602 3.250000 2.764602
3.250000 3.015929 3.250000 3.267256
3.250000 3.015929 3.250000 2.513274
3.250000 2.764602 3.250000 3.267256
3.250000 3.015929 3.250000 2.513274
3.250000 3.015929 3.250000 3.015929
3.250000 2.764602 3.250000 3.267256
3.250000 3.015929 3.250000 3.015929
3.250000 2.764602 3.250000 3.267256
3.250000 3.015929 3.250000 3.267256
3.250000 2.764602 3.250000 3.267256
3.250000 3.015929 3.250000 3.015929
3.250000 3.015929 3.250000 3.267256
3.250000 2.764602 3.250000 3.267256
3.250000 3.015929 3.250000 3.015929
3.250000 3.015929 3.250000 3.267256
3.250000 2.764602 3.250000 3.267256
3.250000 3.015929 3.250000 3.015929
3.250000 3.015929 3.250000 3.267256
3.250000 3.015929 3.250000 3.267256
3.250000 2.764602 3.250000 3.267256
3.250000 3.015929 3.250000 3.267256
3.250000 3.015929 3.250000 3.267256
3.250000 2.764602 3.250000 3.015929
3.250000 3.015929 3.250000 3.267256
3.250000 2.764602 3.250000 3.015929
3.250000 3.015929 3.250000 3.015929
3.250000 2.764602 3.250000 3.267256
3.250000 3.015929 3.250000 3.015929
3.250000 3.015929 3.250000 3.267256
3.250000 2.764602 3.250000 3.015929
3.250000 3.015929 3.250000 3.015929
3.250000 3.015929 3.250000 3.267256
3.250000 3.015929 3.250000 3.015929
3.250000 2.764602 3.250000 3.267256
3.250000 3.015929 3.250000 3.267256
3.250000 2.764602 3.250000 3.267256
3.250000 3.015929 3.250000 3.015929
3.250000 3.015929 3.250000 3.267256
3.250000 3.015929 3.250000 3.267256
3.250000 2.764602 3.250000 3.015929
3.250000 3.015929 3.250000 3.267256
3.250000 3.015929 3.250000 2.764602
3.250000 2.764602 3.250000 2.764602
3.250000 3.015929 3.250000 3.015929
3.250000 3.015929 3.250000 3.267256
3.250000 2.764602 3.250000 3.267256
3.250000 3.015929 3.250000 3.267256
3.250000 3.015929 3.250000 3.267256
3.250000 3.015929 3.250000 3.267256
3.250000 2.764602 3.250000 3.015929
3.250000 3.015929 3.250000 3.267256
3.250000 3.015929 3.250000 3.267256
3.250000 3.015929 3.250000 3.267256
3.250000 3.015929 3.250000 3.267256
3.250000 2.764602 3.250000 3.015929
3.250000 3.015929 3.250000 3.267256
3.250000 3.015929 3.250000 3.267256
3.250000 3.015929 3.250000 3.015929
3.250000 3.015929 3.250000 3.267256
3.250000 3.015929 3.250000 3.267256
3.250000 2.764602 3.250000 3.267256
3.250000 3.015929 3.250000 3.267256
3.250000 3.015929 3.250000 3.267256
3.250000 3.015929 3.250000 3.015929
3.250000 2.764602 3.250000 3.267256
3.250000 3.015929 3.250000 3.015929
3.250000 3.015929 3.250000 3.015929
3.250000 2.764602 3.250000 3.015929
3.250000 3.015929 3.250000 3.015929
3.250000 2.764602 3.250000 3.267256
3.250000 3.015929 3.250000 3.015929
3.250000 3.015929 3.250000 3.518584
3.250000 2.764602 3.250000 3.015929
3.250000 3.015929 3.250000 3.267256
3.250000 3.015929 3.250000 3.015929
3.250000 3.015929 3.250000 3.267256
3.250000 2.764602 3.250000 3.267256
3.250000 3.015929 3.250000 3.267256
3.250000 3.015929 3.250000 3.015929
3.250000 3.015929 3.250000 3.015929
3.250000 2.764602 3.250000 2.764602
3.250000 3.015929 3.250000 3.267256
3.250000 3.015929 3.250000 2.764602
3.250000 3.015929 3.250000 3.015929
3.250000 3.015929 3.250000 3.267256
3.250000 2.764602 3.250000 3.267256
3.250000 3.015929 3.250000 3.267256
3.250000 3.015929 3.250000 3.267256
3.250000 3.015929 3.250000 3.267256
3.250000 2.764602 3.250000 3.015929
3.250000 3.015929 3.250000 3.267256
3.250000 3.015929 3.250000 3.267256
3.250000 3.015929 3.250000 3.267256
3.250000 3.015929 3.250000 3.267256
3.250000 3.015929 3.250000 3.267256
3.250000 3.015929 3.250000 3.267256
3.250000 3.015929 3.250000 3.267256
3.250000 3.015929 3.250000 3.267256
3.250000 3.015929 3.250000 3.267256
3.250000 3.015929 3.250000 3.267256
3.250000 3.015929 3.250000 3.015929
3.250000 2.764602 3.250000 3.267256
3.250000 3.267256 3.250000 3.267256
3.250000 2.764602 3.250000 3.015929
3.250000 3.015929 3.250000 3.267256
3.250000 3.015929 3.250000 3.015929
3.250000 3.015929 3.250000 3.267256
3.250000 3.015929 3.250000 3.015929
3.250000 2.764602 3.250000 3.267256
3.250000 3.015929 3.250000 3.015929
3.250000 2.764602 3.250000 3.267256
3.250000 3.015929 3.250000 3.267256
3.250000 3.015929 3.250000 3.267256
3.250000 3.015929 3.250000 3.267256
3.250000 3.015929 3.250000 3.267256
3.250000 3.015929 3.250000 3.267256
3.250000 3.015929 3.250000 3.267256
3.250000 3.015929 3.250000 3.015929
3.250000 2.764602 3.250000 3.267256
3.250000 3.267256 3.250000 2.513274
3.250000 2.764602 3.250000 3.267256
3.250000 3.267256 3.250000 2.764602
3.250000 2.764602 3.250000 3.267256
3.250000 3.015929 3.250000 3.267256
3.250000 3.015929 3.250000 3.267256
3.250000 2.764602 3.250000 3.267256
3.250000 3.015929 3.250000 3.267256
3.250000 3.015929 3.250000 3.267256
3.250000 2.764602 3.250000 3.267256
3.250000 3.015929 3.250000 3.267256
3.250000 3.015929 3.250000 3.267256
3.250000 3.015929 3.250000 3.267256
3.250000 3.015929 3.250000 3.015929
3.250000 3.015929 3.250000 3.267256
3.250000 2.764602 3.250000 3.267256
3.250000 3.015929 3.250000 3.267256
3.250000 3.015929 3.250000 3.267256
3.250000 3.015929 3.250000 3.518584
3.250000 3.015929 3.250000 3.267256
3.250000 3.015929 3.250000 3.267256
3.250000 2.764602 3.250000 3.015929
3.250000 3.015929 3.250000 3.267256
3.250000 3.015929 3.250000 3.267256
3.250000 2.764602 3.250000 3.015929
3.250000 3.015929 3.250000 3.015929
3.250000 3.015929 3.250000 3.267256
3.250000 3.015929 3.250000 3.015929
3.250000 2.764602 3.250000 3.267256
3.250000 3.015929 3.250000 3.015929
3.250000 3.015929 3.250000 3.267256
3.250000 2.764602 3.250000 3.267256
3.250000 3.015929 3.250000 3.267256
3.250000 3.015929 3.250000 3.267256
3.250000 2.764602 3.250000 3.267256
3.250000 3.015929 3.250000 3.267256
3.250000 2.764602 3.250000 3.015929
3.250000 3.015929 3.250000 3.015929
3.250000 3.015929 3.250000 3.267256
3.250000 3.015929 3.250000 2.513274
3.250000 3.015929 3.250000 3.267256
